824 1516 2
-0.0262 0.0147
-0.048 -0.0001
-0.0608 -0.0092
-0.088 -0.0295
-0.1149 -0.0507
-0.1392 -0.0707
-0.1592 -0.0881
-0.1748 -0.0996
-0.1835 -0.1029
-0.1908 -0.0986
-0.1907 -0.0812
-0.1822 -0.0618
-0.175 -0.0514
-0.1657 -0.0412
-0.1543 -0.0316
-0.141 -0.0229
-0.1262 -0.015
-0.1102 -0.0078
-0.0936 -0.0015
-0.0767 0.0039
-0.0601 0.0083
-0.0448 0.0116
1 0
0.9646 -0.0027
0.9361 -0.0049
0.9036 -0.0073
0.8678 -0.0099
0.8297 -0.0125
0.7897 -0.0153
0.7484 -0.0181
0.7061 -0.0209
0.6632 -0.0237
0.6199 -0.0265
0.5766 -0.0291
0.5336 -0.0316
0.491 -0.0339
0.4491 -0.0359
0.4081 -0.0377
0.3681 -0.0392
0.3294 -0.0404
0.2921 -0.0414
0.2564 -0.0421
0.2224 -0.0424
0.1904 -0.0423
0.1603 -0.0416
0.1325 -0.0404
0.1069 -0.0387
0.0838 -0.0363
0.0632 -0.0334
0.0454 -0.0298
0.0303 -0.0256
0.0181 -0.0208
0.009 -0.0153
0.003 -0.0092
0.0002 -0.0024
0.0007 0.0049
0.0117 0.0195
0.0218 0.0267
0.035 0.0338
0.051 0.0406
0.0698 0.0472
0.0912 0.0534
0.1152 0.0591
0.1415 0.0642
0.1701 0.0687
0.2008 0.0725
0.2335 0.0755
0.2681 0.0776
0.3044 0.0789
0.3421 0.0792
0.3813 0.0786
0.4216 0.0771
0.463 0.0748
0.5051 0.0719
0.5479 0.0683
0.5911 0.0642
0.6343 0.0595
0.6775 0.0542
0.7203 0.0486
0.7623 0.0426
0.8032 0.0363
0.8426 0.0299
0.88 0.0234
0.9148 0.017
0.9461 0.011
1.2666 -0.1257
1.236 -0.1131
1.1984 -0.098
1.1582 -0.0821
1.1198 -0.0666
1.0861 -0.0528
1.0598 -0.0407
1.0504 -0.0351
1.0401 -0.0251
1.0397 -0.0207
1.0486 -0.0144
1.0573 -0.0131
1.0684 -0.0132
1.0815 -0.0148
1.0963 -0.0181
1.1124 -0.0233
1.1295 -0.0304
1.1473 -0.0393
1.1655 -0.0497
1.1838 -0.0612
1.2019 -0.0735
1.2194 -0.0863
1.2356 -0.099
-100 -100
-100 100
100 100
100 -100
71.4286 100
42.8571 100
14.2857 100
-14.2857 100
-42.8571 100
-71.4285 100
-100 71.4286
-100 42.8571
-100 14.2857
-100 -14.2857
-100 -42.8571
-100 -71.4285
-71.4285 -100
-42.8571 -100
-14.2857 -100
14.2857 -100
42.8571 -100
71.4286 -100
100 -71.4285
100 -42.8571
100 -14.2857
100 14.2857
100 42.8571
100 71.4286
0.97411 -0.09888
0.210422 -8.50339
0.380591 -2.97735
0.57507 -1.22142
-18.682 -5.11402
-24.6753 44.1914
1.08685 -0.51877
10.4629 -4.55138
27.8416 42.3146
15.0254 15.3097
-0.99348 -1.52607
-7.0672 2.86872
1.48535 12.8723
0.759011 -0.36521
0.156297 -0.64326
-1.82319 0.000258
-1.26828 5.83093
-1.02093 2.69066
3.66776 4.84841
2.62442 -2.32514
-0.05522 -0.42796
-0.35339 -0.35988
-0.5017 -0.08811
-0.57165 1.30682
1.61099 2.45131
-0.4275 0.531663
0.38197 0.96709
1.61976 1.11374
0.250944 -0.34755
-0.02742 -0.13707
-0.13038 -0.24021
-0.2612 -0.21182
-0.33977 -0.06984
-0.29833 0.15602
-0.35425 -1.05709
0.819417 -0.19158
-8.48319 -4.53825
0.108565 -0.18089
-12.0867 -22.5183
16.9336 -33.4257
-0.08053 0.419292
-0.0289 -0.04657
1.08712 -0.23289
0.348678 0.552734
1.07285 0.7136
1.04383 0.047956
1.39623 0.371404
0.895046 0.327289
1.16897 0.114771
3.40135 -0.3969
0.475402 -0.28672
-0.01369 0.05847
-0.13307 0.117284
0.054911 0.152189
55.2764 -3.20223
-1.09462 -0.65208
0.206353 0.256701
0.661252 -0.20334
-55.7754 -32.1095
0.240544 -0.17189
-29.0717 18.816
-3.36915 -5.49953
-0.14699 -0.16865
-0.27255 0.019906
1.00928 -0.06367
-0.02463 -0.0166
0.039845 -0.09962
0.41611 0.309583
0.950671 0.133516
0.008846 -0.06236
0.644464 0.302015
0.004194 -0.27056
9.40786 1.69195
28.2611 2.33246
9.79478 -19.5316
0.89174 -0.09176
3.92453 37.1369
-48.9529 -2.54301
0.526611 -0.60204
-11.873 -61.0954
0.35037 -0.14654
0.468169 -0.16007
-0.22216 -0.16432
-4.04193 -2.45007
-0.10842 -0.12687
2.19233 -5.4249
6.89591 -11.2777
32.0198 -17.3222
52.9457 -60.5939
1.05229 -0.08921
0.945162 -0.22879
1.88767 -1.52785
1.98284 -0.62768
-8.19237 12.1757
-0.16781 -0.13403
1.18212 -0.19738
1.46916 -0.45596
1.8143 -0.01703
-18.4481 4.97797
-34.4051 -22.1922
-7.15013 -13.8298
0.084518 -18.4043
1.26136 0.042555
6.99987 -2.50119
-61.7867 37.0599
0.171692 -0.12261
1.11 0.045044
1.17458 0.029549
0.825824 -0.67333
0.734432 -0.12205
-0.18333 0.047336
46.054 22.5056
60.4832 57.7485
0.090073 -0.08828
-0.0718 -0.08287
-0.00778 -0.02591
1.02723 -0.04978
1.01175 -0.02554
1.28635 -1.15493
16.3811 -12.2009
-0.06286 0.058236
-0.12216 0.054813
0.815309 -0.09187
1.17522 -0.36321
1.33202 -0.30554
0.8386 0.132766
0.722411 0.181255
-0.03832 -1.92933
-1.18023 -3.07921
-0.20476 -0.12917
-0.26533 -0.08829
-14.0417 -0.06156
0.966992 -0.05119
0.549576 -0.11104
17.9249 -65.2559
0.147817 0.16171
0.008025 -32.2999
9.68822 9.2884
0.086927 -5.21823
1.02641 0.012157
1.02357 -0.15897
1.00265 -1.91733
-2.01801 69.0644
1.10834 -0.13968
-22.572 -41.467
-47.842 -66.7579
1.31109 -0.05109
18.8914 0.322395
-0.23461 -0.0463
-0.20567 -0.00567
3.49755 1.69646
1.42902 -0.15995
-2.44377 -1.14845
-4.11953 0.267598
0.933839 -0.41552
-0.28248 -0.70385
-0.07359 -0.18857
57.313 -30.9608
0.275594 -0.11031
0.646891 -0.10769
0.047183 -0.06678
0.040604 -0.17764
-0.1525 -0.1137
1.87412 -3.20185
-0.22166 -0.32427
0.024918 0.072114
-0.00033 -1.17169
-1.0232 0.416559
-47.6734 66.7628
0.317433 0.21742
-34.1878 -0.65024
0.064086 0.093814
0.124126 -0.307
6.58908 -0.2125
-4.68343 25.5737
0.399335 -0.46678
-0.01081 0.026502
-0.01178 -0.01257
-0.02242 -0.09208
4.7328 -4.20197
-2.73417 1.40841
0.486137 0.188845
-0.0121 0.001102
0.12378 -0.49358
0.323915 -0.27984
-12.4576 -9.87671
-21.4608 -18.4039
32.3112 18.2239
28.3809 76.6431
-0.29325 -0.15112
0.615014 -0.32902
0.007145 0.039275
0.939933 -0.17295
-7.62154 -1.74146
0.242883 0.157049
-4.09282 -10.1106
-0.16926 0.005791
34.155 -41.7289
-0.17207 -0.11745
-0.64109 0.190613
0.433825 -0.10863
0.398493 -0.94026
-0.78219 -0.41985
1.23035 -0.17027
1.06828 0.194962
0.393241 0.173378
-0.04598 -0.02885
-0.0457 -0.68908
0.141784 -0.08914
1.04991 0.010858
1.07844 0.014567
0.988675 0.067056
0.578135 0.157232
1.20465 -0.00776
1.23605 -0.04339
1.00842 -0.33284
5.36922 25.1209
1.04605 -0.05197
1.02223 -0.10012
20.811 31.42
0.006523 -0.02967
0.858354 -0.32313
0.920256 -0.03416
-0.36821 -0.24489
-0.06029 -0.0629
24.7813 -7.50732
41.6955 -7.2832
-0.20248 -0.20413
0.206288 -0.09817
73.581 19.4884
7.70965 -51.0457
-44.7177 14.9914
-70.9617 9.42406
-68.0482 -10.2893
0.559801 -0.2136
0.028061 -0.05293
-0.10677 -0.08425
5.02232 -2.02926
-3.16805 3.99538
1.07499 -0.87385
17.4327 8.0314
4.19906 -9.07801
1.47109 0.123233
21.013 -23.443
-0.22556 -0.08569
0.350772 -0.10116
-40.8867 33.4034
0.737697 -0.19184
-74.9279 -57.7919
2.72354 0.748622
-0.19341 -0.11286
0.182958 -0.24007
-0.08273 -0.34202
0.411183 -0.22289
12.2113 54.7726
-0.06837 -0.13014
-0.00649 -0.0459
0.638211 -0.51094
0.076894 -0.14538
0.142215 2.23909
-0.89167 -0.04747
-0.22592 -0.5189
-0.45495 -0.51633
1.03764 -0.03794
0.935166 -0.08679
0.857445 -0.05651
1.32316 -0.20524
1.23835 -0.24221
-0.14136 -0.14085
0.514661 -0.07252
47.9209 40.1667
8.61413 5.15958
12.9849 4.33626
5.17024 10.2252
-0.18884 -0.15217
-27.3554 -10.0206
7.16446 15.131
1.15784 -0.13655
2.63215 -1.30912
7.36929 -7.55527
11.4116 -9.32336
0.639234 -0.82301
0.568636 4.68199
5.57966 2.93795
0.06752 -0.05386
-0.41318 0.061482
0.776779 -0.05739
2.25455 -12.815
-16.5626 23.3025
15.9754 -5.66731
0.991286 -0.04483
1.09069 -0.08964
0.686976 -0.07751
1.03221 -0.06779
-0.01881 -0.19239
-39.7728 -40.4687
-74.6264 59.9438
0.600495 -0.08004
-0.06299 -0.25493
-21.5047 -29.1701
40.5629 6.93232
1.30065 -0.74566
0.021105 -0.03504
-24.5415 63.7053
1.13507 0.004965
0.043165 -0.38087
0.118008 -0.06723
0.908425 0.080147
71.8533 -51.0619
-0.11367 -0.17034
-0.13539 -0.09527
0.116162 -0.12267
-0.0335 0.807767
0.068648 -0.24298
77.0839 -15.8861
0.254436 -0.48013
0.514338 -0.40364
0.842837 -0.14386
-6.0294 -7.29151
0.408953 -0.34209
3.11301 -3.84126
-1.81068 -2.1128
-2.85486 -3.55733
0.110014 0.111464
0.854609 -1.05759
1.14788 -0.25307
-11.6128 6.12796
1.85869 0.451546
-5.0567 -46.0545
-1.31889 -6.76287
-6.86559 7.65575
-7.8017 48.2741
-0.08693 -0.06039
12.9616 -0.90718
0.834768 1.35324
1.06409 -0.06589
1.03103 -0.02077
0.359639 -0.61904
0.983702 -0.0706
0.047771 -0.04563
0.751201 0.114904
0.248668 -1.50993
0.174656 -0.07177
0.80098 -0.50401
-11.0005 -32.8398
-0.23739 -0.12117
-24.1674 -77.6969
0.17934 0.119962
-0.51743 -0.32223
3.93668 -22.7025
0.664421 0.126307
0.949237 -0.55326
-0.04433 0.184106
-0.0278 -0.00107
0.008025 -0.09299
0.013457 -0.13244
1.11479 -79.0186
0.979256 -0.15448
0.89021 -0.03444
-0.90171 -2.24599
0.312747 -0.07849
0.685293 0.628281
-12.4911 -4.66315
0.805784 -4.00606
1.12659 -0.10509
-0.00038 -0.01852
20.6904 -45.7769
0.239681 -0.07414
5.62263 -16.4885
-0.21236 -1.49025
1.07135 -0.12709
-0.09584 0.026996
0.389522 -0.07636
-14.2357 34.5301
68.3465 38.0358
-4.0621 -24.5775
0.322776 0.138559
-0.18509 -0.12663
0.091019 -0.05913
-12.8129 -15.8371
68.3774 -74.9117
-9.37969 1.57778
10.8559 -14.3509
-1.47952 -4.62971
1.03665 -0.0039
1.01488 -0.22801
0.470192 -0.07346
1.20177 -0.14184
0.938421 -1.40263
1.06346 -0.0006
-31.8391 -57.2493
-0.20893 -0.10622
0.738217 -0.06648
-0.03906 0.034787
2.23486 7.18658
0.555668 -0.06616
23.1813 13.1042
-4.82846 2.41094
-75.4611 -34.4746
0.692402 -0.28666
-48.5538 -18.0611
-0.74423 -0.87591
0.275305 -0.06929
-0.01784 -0.06879
-0.02061 -0.03122
-0.19178 -0.0412
-0.20441 -0.06767
52.2621 78.089
-24.2769 -0.02862
0.143777 -0.89632
0.787718 -0.14069
-2.90709 9.80579
38.8574 -74.4464
-5.39652 -3.75127
1.10951 0.001805
-0.03838 -0.01263
0.294462 -0.16591
38.1833 58.2891
-0.24091 -3.66112
-0.08761 -0.10709
0.053399 0.062946
0.881061 -0.20472
0.442245 0.123264
0.138998 0.433319
47.3954 -18.2655
0.950708 -0.02993
0.531004 0.12365
0.483868 -2.0712
0.813306 -0.04715
-0.14851 -0.3997
1.16321 -0.0186
1.63825 -2.20946
-0.18017 -0.26654
0.086496 0.256922
9.65783 -1.43268
-0.17128 -0.02279
-0.19396 0.268154
-2.96642 -0.13458
0.168982 -0.17806
-38.8661 52.0843
32.7238 29.3864
-2.44901 -14.3553
0.407157 -0.16137
-16.5104 12.8857
1.67124 -0.94701
4.3838 -6.48275
0.644037 -0.06355
26.9375 -32.8872
-80.6332 28.1781
2.43086 1.76937
-65.4653 -80.6076
0.096734 0.080624
0.828161 0.068097
0.807021 -0.2616
2.95567 3.1025
0.94108 -0.31083
-0.90311 -11.0904
0.034944 0.052105
77.0905 77.0905
0.607363 -0.15664
1.24305 -0.50801
0.94471 0.054166
-3.82899 16.0794
1.01086 -0.04547
1.07673 -0.00346
1.08945 -0.00379
0.281058 0.114617
-26.5133 8.78117
0.148144 0.099561
-54.1081 -49.0142
-0.06067 -0.02945
-0.04289 -0.07944
1.06173 -2.59654
-6.39867 0.700473
0.25668 -0.24362
-0.18253 -0.1138
-9.60116 -7.45597
15.2953 39.8761
0.234233 -0.11986
-0.0044 -0.00827
0.364542 0.117876
-0.1078 -0.90361
0.952595 -0.12878
0.316789 -0.12048
0.705988 0.100714
58.1407 11.814
-0.06322 0.02397
0.217677 0.106718
-18.5537 -11.8504
0.162555 -0.38979
-10.4034 -1.88533
0.610914 0.103801
1.12568 -0.18887
0.009558 -0.0446
0.6799 -0.62973
0.07497 0.069388
0.865651 0.064764
-0.28495 -0.27643
0.978718 -0.02493
0.248968 0.106737
-25.0864 30.8487
0.402201 0.113496
-0.17636 -0.10859
-0.16547 -0.1058
-0.08748 -0.15175
-0.13152 -0.11683
-0.04675 -0.10759
0.74608 -6.68249
22.741 -15.3699
-0.2075 -2.55185
-0.20408 -0.08787
-3.3014 -7.76248
-0.13975 -0.19767
3.62799 -1.60253
0.486723 0.112157
0.78861 0.077495
81.8923 53.1366
0.150759 1.3348
0.386371 -0.11964
0.571811 0.103437
-2.97254 -2.09387
1.02742 0.110892
1.08563 0.110971
0.68447 -0.14813
1.19252 -0.04236
0.856639 -0.09928
35.7521 -55.2046
0.066659 -0.08146
1.30054 0.168809
0.613647 -0.24945
2.10079 -1.17
0.329543 -0.39267
13.7247 23.1734
-61.0166 81.4714
0.026139 -0.07728
1.02526 -0.03498
11.3761 -26.5527
1.00049 -0.09017
1.06331 -0.40787
2.44183 -0.19691
1.07183 -0.17925
0.000279 0.02018
-0.00962 0.013477
1.06008 -0.68097
-38.9474 -11.2483
0.008625 -0.53934
72.834 0.771362
0.523916 0.43229
1.42276 0.640469
0.14545 -0.06203
-85.6199 1.58305
-1.44721 1.13691
0.838577 -0.40012
41.2933 -30.765
0.443463 -0.75772
62.1774 -16.7837
-0.13774 -0.30461
-0.05441 -0.15988
1.14485 0.434
1.00824 0.033202
0.977546 0.033085
0.430148 -0.06641
-1.46435 -0.93582
1.99631 -4.11852
-7.86624 -9.71295
-0.27806 -0.04613
4.53352 0.608586
-5.3145 -18.6998
0.340628 -0.20336
2.43284 -7.55831
0.048933 -0.30649
0.285514 0.353952
8.61018 -39.1926
2.80819 -63.5321
-19.0714 -0.09585
6.82532 -4.96992
9.31235 80.9199
29.9498 10.0113
1.0828 -0.30298
15.3603 -18.5748
0.124542 -0.2363
23.5433 6.76035
-0.13543 0.012748
0.552093 -0.28649
1.67871 -0.30373
23.008 -83.7441
3.77581 -2.81169
0.875018 -0.83247
0.959962 -0.07399
1.05003 -0.00508
0.529103 -0.16413
0.499292 -0.22232
-55.5683 51.7058
1.34177 -1.61045
0.072587 -0.11208
-34.2336 82.2909
-0.39549 -0.15148
-0.4745 -0.20345
-0.67135 -0.18899
-5.33378 -1.22807
0.023657 -0.22089
0.895537 -0.13341
1.02117 -0.00761
1.51073 19.1845
0.772241 -0.09776
-0.56568 -1.36343
-0.52406 -1.86783
1.03271 -0.12022
11.8249 31.3455
0.205693 -0.14002
-13.6886 79.9417
-58.4926 21.3669
-0.04552 -0.0455
-0.28089 -0.42382
1.28011 -0.1737
1.32199 -0.14313
-0.03885 -0.06114
0.047313 -0.13422
0.035262 -0.037
0.298335 -0.78073
-31.4803 -32.7475
5.47783 6.63307
-0.0162 -0.02157
-1.82847 -8.93221
85.1895 32.3522
-0.17946 -0.18031
1.03337 -0.0299
74.3978 -33.2557
-0.00878 -0.11439
-0.034 -0.03023
-3.91465 6.8398
0.494255 -0.11498
1.63875 -9.80904
-1.28196 -0.24932
0.905777 -0.06103
-43.8879 -28.732
-0.21625 0.12174
0.997851 -0.12166
-0.11476 -0.1052
0.206685 -0.06576
4.50635 -0.7185
33.3336 -4.50081
-0.16698 -0.22302
60.5356 24.3888
-0.12487 -0.54647
-0.05021 -0.01663
-83.6805 83.9811
-58.2346 6.58998
1.0233 -0.08219
-0.10408 -0.21034
-5.76507 5.12369
-8.37841 4.86155
0.649736 -1.6245
84.9515 -86.585
22.9629 21.7696
0.14135 -0.15106
0.350108 -0.06712
-0.01907 -0.00728
1.0496 -0.07101
0.626557 0.214799
-0.01619 -0.33448
1.0412 -0.01297
0.292365 -1.14896
-3.64633 -1.13124
-0.1669 -0.15473
-0.39481 0.241586
0.539448 0.278811
2.13815 4.41631
-84.0595 -83.8017
0.191677 -0.3043
-5.41926 35.6261
-36.5561 8.56247
48.8854 -45.0525
-0.22031 -0.24127
-9.8413 18.4093
0.93981 -0.05618
-0.07086 -0.04627
-0.00345 0.115306
1.19806 0.260953
0.901202 -0.2681
1.14211 -0.44947
0.666753 -0.40332
0.984122 -0.18928
0.116247 -0.09362
0.123383 0.083704
3.62175 -5.04593
1.00276 -0.47674
0.759385 3.28547
4
22 2 1
1 2
2 3
3 4
4 5
5 6
6 7
7 8
8 9
9 10
10 11
11 12
12 13
13 14
14 15
15 16
16 17
17 18
18 19
19 20
20 21
21 22
22 1
63 2 2
23 24
24 25
25 26
26 27
27 28
28 29
29 30
30 31
31 32
32 33
33 34
34 35
35 36
36 37
37 38
38 39
39 40
40 41
41 42
42 43
43 44
44 45
45 46
46 47
47 48
48 49
49 50
50 51
51 52
52 53
53 54
54 55
55 56
56 57
57 58
58 59
59 60
60 61
61 62
62 63
63 64
64 65
65 66
66 67
67 68
68 69
69 70
70 71
71 72
72 73
73 74
74 75
75 76
76 77
77 78
78 79
79 80
80 81
81 82
82 83
83 84
84 85
85 23
23 2 3
86 87
87 88
88 89
89 90
90 91
91 92
92 93
93 94
94 95
95 96
96 97
97 98
98 99
99 100
100 101
101 102
102 103
103 104
104 105
105 106
106 107
107 108
108 86
28 2 4
111 113
113 114
114 115
115 116
116 117
117 118
118 110
110 119
119 120
120 121
121 122
122 123
123 124
124 109
109 125
125 126
126 127
127 128
128 129
129 130
130 112
112 131
131 132
132 133
133 134
134 135
135 136
136 111
1516 1 TriLagrange
396 160 654
486 273 673
310 240 571
151 320 682
55 56 319
411 219 762
55 319 616
236 323 412
166 431 492
323 175 516
322 237 701
188 313 328
146 274 377
52 53 357
323 236 436
229 234 721
83 84 444
175 323 436
312 215 453
317 290 574
354 93 400
336 159 422
5 6 373
126 282 587
180 449 560
467 463 788
424 378 769
577 356 791
25 26 359
223 378 424
257 188 814
159 336 735
546 338 756
261 260 597
357 252 393
391 145 554
152 304 688
317 154 375
338 140 418
17 18 719
422 170 802
168 326 360
152 699 770
299 7 640
144 240 712
373 6 447
427 254 635
168 219 326
3 4 607
405 231 801
164 161 471
299 231 405
221 405 446
141 412 625
292 399 538
453 187 456
325 115 713
219 168 364
368 197 383
744 355 774
216 483 493
431 293 435
370 214 784
441 102 567
183 379 464
261 233 288
282 126 483
129 517 549
156 228 568
597 143 680
326 219 482
362 284 426
106 107 351
522 227 592
139 500 609
377 274 409
699 192 770
27 28 402
401 212 738
324 577 791
268 141 499
241 433 585
238 486 505
57 328 678
246 384 547
233 438 581
373 251 469
215 394 453
284 409 470
213 391 468
214 370 537
108 283 351
153 531 548
550 220 736
619 401 738
156 300 457
440 142 468
7 8 640
281 216 465
298 174 395
357 53 502
414 232 524
429 246 529
79 80 477
249 544 554
482 266 528
491 206 540
423 529 741
231 299 335
177 162 573
35 36 406
114 115 325
158 360 485
407 249 554
19 20 508
558 172 590
210 284 362
486 211 505
153 154 419
287 420 591
442 157 682
25 359 562
413 146 669
462 232 629
197 368 808
266 387 528
419 154 824
161 396 471
409 209 470
480 150 818
405 199 446
431 298 492
88 89 414
92 93 354
182 276 346
270 406 768
393 252 541
376 255 438
106 351 661
370 195 537
69 70 513
158 399 750
181 471 498
65 66 484
77 78 487
331 272 484
256 362 426
527 432 606
182 346 347
265 458 459
344 151 682
521 473 798
171 303 618
163 471 654
18 508 719
579 217 705
330 550 736
201 253 600
340 232 404
464 234 676
538 192 699
133 134 683
22 530 623
254 23 635
437 210 778
246 429 660
154 153 375
219 364 762
131 445 517
195 535 606
232 414 629
500 222 700
174 298 450
536 150 590
391 213 614
144 426 470
418 140 461
274 146 413
312 453 456
155 420 758
314 502 616
251 556 643
558 590 816
57 58 328
208 431 435
383 576 729
216 281 527
314 252 502
5 373 469
129 130 517
213 311 353
415 229 667
7 299 447
340 87 524
46 47 443
553 611 705
388 196 575
408 209 409
253 201 430
431 208 737
320 442 682
12 13 542
412 141 545
325 391 554
404 232 462
401 137 725
31 32 429
260 404 462
529 246 741
251 361 469
362 224 778
384 536 590
384 246 660
680 245 724
427 201 600
209 408 420
205 184 262
228 415 667
515 421 664
242 345 448
284 377 409
553 196 611
673 273 709
241 383 729
321 165 668
275 222 500
407 145 577
320 151 452
240 310 374
345 242 479
384 172 547
33 34 434
454 558 738
141 322 499
1 319 679
580 197 604
133 451 764
144 417 426
363 191 437
587 385 805
48 49 421
201 427 475
428 280 501
400 94 763
391 325 713
281 432 527
228 156 415
352 522 592
237 516 704
429 296 660
372 439 630
517 225 549
152 289 699
390 218 579
302 308 814
196 295 615
494 329 819
29 30 423
433 120 585
321 390 705
458 147 699
456 321 668
387 10 528
145 391 614
459 220 550
253 354 400
211 673 716
425 197 580
240 144 571
235 580 604
194 596 666
27 402 495
165 321 611
411 231 514
369 370 784
317 152 688
280 428 507
310 209 420
9 387 612
451 133 683
164 181 685
402 212 771
414 280 629
713 116 747
490 2 552
296 434 596
154 396 824
22 1 530
95 96 798
449 177 560
386 164 464
147 538 699
368 383 748
175 481 512
319 314 616
434 270 596
184 205 341
502 54 616
313 188 530
316 240 374
132 133 764
237 322 516
488 245 680
242 365 479
495 402 771
251 373 556
162 177 449
277 522 677
303 171 506
420 155 591
200 247 773
352 291 675
209 310 571
370 122 535
385 124 805
189 489 573
383 197 637
596 371 666
279 391 713
151 344 546
394 480 818
179 462 629
327 453 818
171 292 538
390 321 456
191 363 561
273 465 709
91 92 472
468 510 807
542 14 572
300 156 568
53 54 502
367 465 710
518 330 610
407 248 780
435 293 786
6 7 447
134 366 683
408 274 758
169 159 733
221 446 641
131 132 445
145 356 577
428 91 472
214 307 808
290 317 534
369 585 687
114 325 544
223 424 505
279 440 468
177 489 570
468 142 510
11 12 543
385 282 606
123 124 385
226 428 472
455 198 550
232 340 524
277 744 774
330 173 550
145 407 554
148 518 610
221 392 556
90 91 428
266 411 514
352 675 715
277 507 744
210 437 714
142 440 576
125 126 587
267 326 482
338 546 799
500 300 609
359 26 495
168 360 634
471 163 498
374 310 777
248 407 577
176 673 709
119 120 433
383 241 748
267 169 326
448 250 731
147 458 496
283 288 379
144 416 417
262 263 477
167 435 786
727 270 768
213 468 807
412 323 625
230 463 467
319 1 490
544 325 554
355 226 785
304 160 688
199 405 801
255 461 525
215 312 474
200 285 286
218 390 728
551 347 602
675 260 715
445 294 809
224 363 778
410 274 413
483 127 493
398 292 781
390 579 705
339 397 770
101 441 551
219 266 482
289 152 574
224 362 645
244 243 441
340 404 751
573 162 802
226 430 785
215 418 631
169 200 422
115 116 713
274 408 409
23 24 635
229 415 676
649 199 762
354 253 430
372 206 671
266 219 411
442 320 626
452 165 626
420 287 703
206 372 630
454 259 547
160 154 688
480 394 631
175 436 481
402 28 565
92 354 472
52 357 439
195 370 535
146 377 533
395 174 448
194 384 660
358 291 592
144 470 571
433 241 729
111 113 595
136 111 595
81 82 589
295 196 553
399 398 750
196 388 611
465 216 710
51 52 439
425 311 510
187 453 720
353 413 669
378 416 582
483 216 527
459 458 657
302 328 594
309 442 626
329 227 819
150 358 590
248 324 437
478 303 506
315 491 540
399 158 485
297 203 664
239 283 379
406 36 523
430 226 795
414 89 501
254 427 600
284 210 718
141 268 711
341 205 658
596 270 727
428 226 507
435 167 693
558 329 738
444 84 598
44 45 479
673 380 716
575 196 746
203 297 671
564 264 646
206 393 540
363 437 778
481 273 512
503 176 709
381 482 528
531 149 548
418 245 631
328 313 678
122 123 535
445 225 517
416 144 712
470 209 571
461 140 525
250 448 820
163 180 498
371 596 727
333 16 719
40 41 497
252 314 759
465 273 481
443 47 515
278 568 730
14 15 572
35 406 532
363 224 561
478 140 799
282 527 606
412 307 681
361 749 813
393 178 540
100 101 551
421 49 476
317 375 534
454 172 558
103 104 567
213 353 745
225 445 809
307 214 681
260 462 715
453 394 818
178 393 541
131 517 790
198 459 550
466 275 520
88 414 524
384 194 536
224 380 584
418 461 724
535 385 606
365 242 746
452 151 474
538 147 742
4 5 469
292 344 781
399 339 538
282 385 587
137 401 619
160 162 449
49 50 476
279 713 747
255 228 581
312 452 474
318 349 803
29 423 565
536 327 818
378 223 416
368 214 808
485 360 734
31 429 529
296 596 660
391 279 468
218 337 579
471 396 654
87 88 524
361 251 608
184 341 695
275 466 644
207 498 684
137 619 774
235 268 463
313 1 679
486 238 512
319 490 794
236 412 681
322 141 625
316 374 723
252 357 502
590 358 816
556 392 643
259 454 662
426 284 470
117 670 732
150 536 818
231 335 514
190 308 460
94 473 763
335 299 640
291 480 488
113 544 595
453 327 720
154 160 396
463 268 518
269 562 812
212 402 662
343 607 749
187 390 456
161 164 586
269 427 635
197 425 637
431 166 694
113 114 544
522 352 715
274 410 758
357 393 630
16 333 572
176 380 673
568 228 730
241 585 748
297 372 671
312 456 668
305 433 729
265 459 520
180 163 449
416 223 417
250 515 664
349 796 803
153 419 531
74 75 563
386 186 703
185 243 244
26 27 495
72 73 559
343 749 766
243 182 347
429 32 583
425 510 637
303 478 799
249 407 511
418 215 691
379 234 464
383 142 576
229 233 581
544 249 595
438 255 581
749 607 813
434 34 532
216 493 710
42 43 504
511 407 780
205 262 444
97 98 526
176 503 584
158 301 634
437 324 714
533 377 718
173 499 613
222 275 644
33 434 583
38 39 509
288 234 379
192 339 770
184 181 498
165 611 806
562 359 812
600 253 672
749 178 766
423 30 529
239 185 244
522 179 677
392 221 641
142 383 637
60 61 557
208 435 797
545 141 711
353 311 740
380 176 584
469 361 813
442 309 707
150 480 689
291 352 592
86 340 751
670 305 732
289 574 800
615 365 746
499 173 627
36 37 523
585 369 748
410 149 531
585 121 687
255 376 461
342 513 617
228 255 730
257 258 508
597 260 817
138 593 769
331 484 624
250 443 515
608 540 753
172 384 590
504 295 539
477 80 652
675 291 823
165 452 668
555 139 646
193 560 570
437 191 622
161 591 804
347 346 526
173 455 550
96 726 798
202 314 794
337 218 768
117 118 670
427 269 475
294 445 764
233 229 721
147 496 743
598 85 697
362 256 645
420 408 758
139 564 646
265 520 555
480 291 689
507 277 677
336 422 802
169 267 702
28 29 565
203 491 492
324 248 577
127 128 493
516 175 704
227 329 558
448 174 792
161 804 824
198 466 520
89 90 501
316 582 712
171 538 742
446 199 649
281 465 481
11 543 647
183 685 695
299 405 642
122 370 687
47 48 515
518 148 788
10 11 647
34 35 532
373 447 775
123 385 535
198 455 648
611 321 705
46 443 686
291 358 689
30 31 529
168 634 810
128 129 722
390 187 728
543 381 647
155 531 804
657 289 800
301 566 693
489 257 814
129 549 722
282 483 527
83 444 633
234 229 676
202 490 552
298 395 754
126 127 483
48 421 515
231 411 801
566 389 693
476 50 755
276 182 696
435 389 797
436 236 757
293 431 694
433 305 670
444 262 633
159 169 422
432 281 757
90 428 501
24 25 562
320 452 626
376 680 724
314 202 759
32 33 583
239 244 350
212 662 738
280 414 501
306 193 331
179 522 715
84 85 598
189 247 258
193 272 331
395 448 731
448 345 820
562 269 635
455 173 613
149 410 413
489 177 573
332 237 578
417 256 426
206 491 671
289 458 699
278 564 609
181 184 695
311 425 811
186 415 650
500 139 555
233 261 597
183 464 685
608 251 643
272 190 460
460 308 588
436 281 481
41 42 539
259 402 565
20 21 623
302 188 328
496 265 646
465 367 709
116 117 732
270 434 532
191 561 692
466 138 644
242 448 792
417 223 519
268 235 711
513 331 603
440 305 576
287 386 703
226 472 795
695 341 815
319 56 679
265 555 646
65 484 605
479 45 686
62 63 588
59 60 594
493 271 710
178 541 766
204 180 708
564 139 609
79 477 621
392 166 643
370 369 687
487 349 628
356 145 614
54 55 616
245 418 724
151 546 756
423 259 565
185 239 665
292 171 618
245 480 631
295 504 615
613 322 701
69 513 603
173 330 627
181 164 471
146 533 791
445 132 764
68 69 603
226 355 744
516 322 625
508 20 623
649 762 779
497 41 539
720 371 728
311 213 807
211 486 673
463 230 580
575 174 717
143 597 817
360 326 733
487 78 621
674 137 774
629 280 677
771 401 812
531 419 804
189 257 489
309 388 717
315 643 765
595 249 653
212 401 771
148 534 787
367 271 503
457 300 700
534 375 787
240 316 712
64 65 605
262 589 633
223 505 519
462 179 715
406 270 532
201 475 674
596 194 660
438 597 680
156 457 723
77 487 628
377 284 718
541 252 759
450 298 737
8 639 640
683 191 692
622 191 683
116 732 747
242 575 746
560 193 708
546 303 799
310 420 703
3 607 782
256 417 519
283 86 752
512 238 704
552 343 766
247 200 286
51 439 755
271 549 663
140 478 789
120 121 585
450 309 717
303 546 618
366 134 761
135 136 653
314 319 794
182 348 696
185 341 659
294 561 690
348 205 598
292 398 399
564 278 789
343 552 782
285 200 702
172 454 547
222 457 700
254 600 672
490 202 794
714 533 718
290 534 610
323 516 625
295 497 539
389 157 797
262 477 652
461 376 724
164 386 586
358 150 689
334 663 809
294 690 809
153 548 767
634 301 810
513 70 617
96 97 726
188 257 530
315 540 608
119 433 783
311 599 740
545 235 604
537 236 681
285 267 381
504 43 776
646 264 743
136 595 653
78 79 621
40 497 793
669 146 791
432 195 606
386 464 676
86 751 752
82 83 633
44 479 776
42 504 539
474 151 756
273 486 512
552 2 782
76 77 628
202 541 759
367 503 709
45 46 686
589 262 652
645 256 716
70 71 617
2 3 782
389 435 693
330 518 627
509 39 793
582 416 712
452 312 668
569 167 779
355 674 774
531 155 758
447 299 642
439 372 755
66 67 624
478 564 789
202 552 766
339 399 485
372 297 476
8 9 639
402 259 662
200 170 422
575 242 792
50 51 755
161 586 591
514 335 612
307 412 545
301 569 810
522 277 819
549 225 663
297 421 476
154 317 688
4 469 813
224 584 690
480 245 488
309 626 806
523 37 698
507 226 744
143 488 680
387 514 612
220 459 657
484 66 624
458 289 657
336 397 735
204 306 342
278 525 789
523 337 768
121 122 687
134 135 761
258 247 719
556 373 775
547 259 741
318 204 342
366 622 683
38 509 698
394 215 631
291 488 823
466 198 648
189 573 773
296 429 583
237 332 701
494 277 774
434 296 583
492 298 754
238 578 704
243 185 659
217 382 620
396 161 824
579 337 655
37 38 698
337 509 655
301 158 750
174 450 717
415 156 650
157 389 566
166 392 694
187 720 728
611 388 806
662 454 738
257 189 258
24 562 635
639 335 640
359 771 812
560 177 570
308 190 814
478 264 564
264 478 506
599 311 811
235 545 711
475 137 674
218 727 768
458 265 496
440 279 747
137 475 725
247 333 719
568 278 609
196 615 746
463 518 788
382 217 655
214 368 784
308 302 557
497 295 620
690 334 809
271 493 722
569 301 693
332 578 593
664 203 731
619 494 774
249 511 653
140 338 799
12 542 543
607 343 782
290 610 736
441 243 551
498 180 684
338 418 691
157 442 797
540 178 753
372 476 755
285 381 543
255 525 730
528 10 647
424 238 505
239 379 665
387 266 514
446 293 641
643 166 765
295 553 620
210 362 778
520 275 555
80 81 652
124 109 805
109 125 805
261 288 403
510 311 807
492 491 765
243 347 551
509 337 698
309 450 707
415 186 676
149 413 740
388 309 806
271 367 710
118 110 783
110 119 783
503 334 584
98 99 601
536 194 666
439 357 630
182 243 659
376 438 680
421 297 664
288 233 721
73 74 651
534 148 610
61 62 632
170 200 773
344 292 618
491 203 671
43 44 776
341 185 815
307 545 604
259 423 741
222 582 822
167 569 693
506 171 742
130 112 790
112 131 790
305 440 732
286 285 542
779 364 810
104 105 661
304 152 770
318 559 651
337 523 698
221 556 775
9 612 639
23 276 696
433 670 783
644 138 706
504 365 615
473 521 739
298 431 737
236 537 772
280 507 677
388 575 717
329 619 738
691 474 756
268 499 627
561 224 690
593 424 769
215 474 691
39 40 793
190 272 570
582 222 706
339 192 538
392 641 694
626 165 806
75 76 656
67 68 636
360 158 634
380 224 645
71 72 638
195 432 772
175 512 704
459 198 520
726 521 798
692 294 764
546 344 618
248 437 622
589 82 633
488 143 823
99 100 602
549 271 722
405 221 642
63 64 821
509 382 655
541 202 766
342 306 513
214 537 681
345 479 686
381 267 482
397 339 735
593 138 760
525 140 789
563 318 651
380 645 716
100 551 602
179 629 677
443 345 686
356 614 745
157 566 781
604 197 808
230 467 548
246 547 741
438 233 597
332 455 701
267 285 702
455 613 701
475 269 725
351 350 661
443 250 820
300 500 700
217 579 655
315 608 643
334 503 663
510 142 637
451 683 692
281 436 757
180 204 684
318 342 559
253 400 672
174 575 792
578 237 704
393 206 630
354 430 795
580 230 811
138 466 760
382 497 620
733 159 734
361 608 753
479 365 776
566 301 750
663 225 809
234 288 721
455 332 648
359 495 771
208 450 737
641 293 694
222 644 706
491 315 765
306 331 513
205 444 598
217 553 705
472 354 795
503 271 663
365 504 776
203 492 754
23 254 739
578 424 593
518 268 627
382 509 793
457 222 822
413 353 740
329 494 619
404 403 751
742 147 743
81 589 652
553 217 620
499 322 613
348 182 658
346 521 726
366 511 780
425 580 811
180 560 708
185 665 815
685 181 695
653 511 761
97 526 726
283 239 351
796 207 803
497 382 793
56 678 679
586 287 591
450 208 707
349 318 563
235 463 580
238 424 578
162 336 802
210 714 718
566 398 781
72 559 638
451 692 764
757 236 772
230 548 599
348 598 697
582 316 822
398 566 750
74 563 651
239 350 351
505 211 519
336 304 397
345 443 820
511 366 761
331 624 636
60 557 594
707 208 797
244 441 567
310 703 777
592 227 816
548 149 599
263 207 796
563 75 656
496 646 743
247 286 333
622 366 780
397 304 770
364 168 810
23 696 697
183 695 815
533 324 791
559 73 651
493 128 722
732 440 747
548 467 767
762 364 779
247 189 773
517 130 790
186 650 777
188 302 814
257 508 623
166 492 765
567 104 661
375 153 767
277 494 819
731 203 754
227 522 819
307 604 808
581 228 667
272 193 570
466 648 760
326 169 733
170 573 802
193 306 708
406 523 768
264 506 743
290 736 800
457 316 723
327 536 666
525 278 730
276 23 739
374 650 723
530 257 623
62 588 632
186 386 676
650 156 723
411 762 801
669 356 745
506 742 743
736 220 800
275 500 555
682 157 781
250 664 731
430 201 785
256 519 716
350 244 567
706 138 769
68 603 636
353 669 745
573 170 773
599 149 740
346 276 521
64 605 821
614 213 745
557 61 632
190 489 814
449 163 654
569 779 810
762 199 801
125 587 805
666 371 720
749 361 753
293 446 786
561 294 692
227 558 816
160 449 654
178 749 753
537 195 772
727 218 728
576 305 729
349 487 796
272 460 605
526 98 601
734 159 735
135 653 761
205 348 658
248 622 780
588 63 821
684 204 803
703 186 777
477 263 621
201 674 785
76 628 656
603 331 636
672 400 763
263 487 621
617 71 638
148 787 788
324 533 714
300 568 609
610 330 736
584 334 690
484 272 605
624 67 636
446 649 786
358 592 816
261 403 404
447 642 775
360 733 734
442 707 797
658 182 659
332 593 760
368 748 784
327 666 720
725 269 812
230 599 811
473 254 672
519 211 716
670 118 783
432 757 772
207 684 803
344 682 781
306 204 708
204 318 803
612 335 639
342 617 638
333 286 572
378 582 706
386 287 586
229 581 667
601 99 602
485 734 735
648 332 760
649 167 786
591 155 804
642 221 775
508 258 719
371 727 728
395 731 754
356 669 791
260 675 817
607 4 813
464 164 685
339 485 735
804 419 824
316 457 822
375 767 787
574 290 800
167 649 779
143 675 823
748 369 784
338 691 756
410 531 758
678 313 679
401 725 812
286 542 572
473 672 763
347 601 602
254 473 739
542 285 543
628 349 656
751 403 752
381 528 647
379 183 665
674 355 785
220 657 800
347 526 601
696 348 697
650 374 777
675 143 817
378 706 769
787 467 788
559 342 638
487 263 796
341 658 659
349 563 656
403 288 752
460 588 821
308 557 632
665 183 815
521 276 739
557 302 594
588 308 632
526 346 726
350 567 661
605 460 821
767 467 787
1 2 490
85 23 697
56 57 678
1 313 530
9 10 387
13 14 542
15 16 572
16 17 719
18 19 508
21 22 623
58 59 328
328 59 594
86 87 340
108 86 283
93 94 400
94 95 473
473 95 798
101 102 441
102 103 567
105 106 661
107 108 351
152 317 574
162 160 304
162 304 336
200 169 702
184 207 263
207 184 498
262 184 263
489 190 570
260 261 404
288 283 752
