1.00015 0.247436 0.0347018 1.81732 
0.99557 0.254603 0.0652598 1.81062 
0.997657 0.248052 0.061812 1.81445 
0.997296 0.258051 0.0535693 1.81443 
0.996395 0.250565 0.0558073 1.81092 
0.998453 0.248665 0.0544389 1.81498 
1.00406 0.231523 0.0507732 1.82491 
0.999323 0.246562 0.0486306 1.81495 
1.00535 0.226276 0.0365706 1.82525 
1.00235 0.234803 0.0460852 1.82097 
1.00497 0.233515 0.0279657 1.8256 
1.00321 0.234904 0.0407526 1.82212 
1.00223 0.240891 0.0376996 1.82115 
1.00651 0.224801 0.0268303 1.82838 
1.01051 0.211661 0.0355537 1.83413 
1.00549 0.228592 0.0444429 1.82593 
1.00757 0.22149 0.0420698 1.82934 
1.00774 0.218151 0.0370915 1.82964 
1.00787 0.21782 0.0315184 1.83038 
1.0104 0.212366 0.0307292 1.83338 
1.00729 0.219931 0.0467589 1.82774 
1.0096 0.211246 0.0457331 1.83218 
1.0078 0.222173 0.0513068 1.82885 
1.00563 0.225862 0.0415067 1.82575 
1.00518 0.228 0.0487484 1.82493 
1.00545 0.224947 0.0607652 1.8254 
1.00208 0.23945 0.0518952 1.82055 
1.00552 0.227016 0.056906 1.82636 
1.00233 0.235583 0.0631339 1.82285 
1.00212 0.240736 0.0402828 1.82095 
1.00323 0.232392 0.0432959 1.82187 
1.00172 0.237965 0.0453068 1.82025 
1.01399 0.156995 0.112765 1.8374 
1.00346 0.178212 0.170852 1.82322 
1.00933 0.179911 0.131417 1.83233 
0.998395 0.242545 0.0698611 1.81681 
1.00308 0.2424 0.0264033 1.82265 
1.00711 0.230139 -0.0110639 1.83098 
1.00402 0.241479 0.00430494 1.82567 
1.00261 0.24373 0.00451226 1.82304 
1.00339 0.244253 0.0114741 1.82443 
1.00089 0.2451 0.0155569 1.81961 
0.999729 0.237852 0.00441368 1.81686 
1.00275 0.236606 -0.00586869 1.82286 
1.00189 0.242524 0.0323217 1.82058 
1.00236 0.245378 0.0285477 1.82182 
1.00425 0.236553 0.0300686 1.82433 
1.00442 0.234056 0.0232981 1.82458 
1.00561 0.230558 0.0343047 1.82651 
1.01704 0.180968 0.00687729 1.84442 
1.01613 0.183666 0.00759352 1.84314 
1.01759 0.180357 0.00220831 1.84522 
1.01668 0.18323 0.00484487 1.84397 
1.01668 0.185104 0.00329741 1.84389 
1.01831 0.172521 0.00684614 1.84644 
1.01749 0.17648 0.0118331 1.84553 
1.01765 0.175171 0.013954 1.84516 
1.01819 0.174813 0.0156179 1.84623 
1.01755 0.177341 0.0138441 1.8451 
1.01726 0.176354 0.0129595 1.84512 
1.01794 0.176208 0.00860248 1.84594 
1.01719 0.179236 0.00877957 1.84464 
1.01687 0.180062 0.00946239 1.84464 
1.01662 0.18209 0.00786854 1.84417 
1.01653 0.181547 0.0103252 1.84379 
1.01632 0.184251 0.00850614 1.84366 
1.01751 0.177946 0.00711111 1.84497 
1.0163 0.184348 0.00651267 1.84348 
1.01596 0.185932 0.00830556 1.84302 
1.01802 0.183238 5.8857e-05 1.84618 
1.01621 0.186239 0.00616648 1.84349 
1.01643 0.190184 0.00204012 1.84381 
1.0169 0.188093 -0.0003515 1.84393 
1.01559 0.193792 0.0016599 1.84228 
1.01567 0.19239 -0.00514601 1.84331 
1.01426 0.201876 -0.00296133 1.84128 
1.01636 0.186582 -0.0166426 1.84348 
1.01392 0.202273 -0.00708175 1.84039 
1.01603 0.190381 -0.0394111 1.84405 
1.01812 0.176068 -0.049878 1.84857 
1.01807 0.174979 -0.0432026 1.84809 
1.02091 0.16163 -0.04001 1.85328 
1.01973 0.172472 -0.0295427 1.85052 
1.01677 0.18397 -0.0402237 1.84496 
1.01736 0.180469 -0.0234125 1.84494 
1.01895 0.175511 -0.0339104 1.84886 
1.01875 0.174151 -0.0245133 1.84767 
1.0189 0.166816 -0.031167 1.84814 
1.0202 0.167113 -0.0371265 1.85158 
1.02308 0.147843 -0.0311182 1.85764 
1.01919 0.170444 -0.0188421 1.84813 
1.0208 0.167018 -0.00829665 1.85116 
1.02072 0.16177 -0.00412648 1.8505 
1.01848 0.174403 0.00190797 1.84685 
1.01471 0.197307 -0.0102152 1.84163 
1.01873 0.176354 -0.0107071 1.84671 
1.01662 0.187609 -0.0035279 1.84318 
1.01149 0.210213 -0.0302816 1.83675 
1.01804 0.180601 -0.0334341 1.84709 
1.01481 0.202433 -0.0241288 1.84219 
1.01568 0.194621 -0.0223168 1.84232 
1.01663 0.189734 -0.0263531 1.84396 
1.01796 0.181019 -0.0187448 1.8464 
1.01658 0.182833 -0.0267897 1.84345 
1.01725 0.182246 -0.00295767 1.84393 
1.01753 0.182042 -0.00936786 1.84463 
1.01621 0.186346 -0.0120456 1.84326 
1.01879 0.175343 -0.0152743 1.84712 
1.01896 0.172975 -0.00730315 1.84705 
1.01417 0.203743 -0.0143015 1.84136 
1.01906 0.165186 -0.0195154 1.84761 
1.01709 0.176542 0.0124189 1.84477 
1.01843 0.173642 0.0113188 1.84676 
1.01848 0.170539 0.019317 1.84608 
1.01805 0.176376 0.0232568 1.84604 
1.01807 0.168262 0.0289165 1.84572 
1.01721 0.177584 0.0280694 1.84398 
1.01515 0.187789 0.0308096 1.84146 
1.01397 0.194737 0.0275952 1.83948 
1.01505 0.193861 0.0201817 1.84183 
1.01194 0.209698 0.0255543 1.83619 
1.01526 0.19603 0.00936588 1.84197 
1.01663 0.18231 0.0105385 1.84429 
1.0164 0.176886 0.0081432 1.84359 
1.01625 0.182503 0.0119708 1.84317 
1.01684 0.179426 0.014163 1.84408 
1.01751 0.179813 0.0188133 1.84509 
1.01695 0.182925 0.0186016 1.84422 
1.01743 0.180139 0.0216038 1.84477 
1.01799 0.171704 0.0212847 1.84573 
1.01828 0.171492 0.017564 1.84672 
1.01938 0.162864 0.0154392 1.84849 
1.01797 0.182303 0.0285389 1.84591 
1.01628 0.190207 0.0240422 1.84409 
1.01672 0.182941 0.0164332 1.84398 
1.01502 0.189749 0.0109433 1.84141 
1.01502 0.190708 0.0107918 1.84146 
1.01497 0.191666 0.0107329 1.84137 
1.01529 0.189915 0.0105227 1.84195 
1.01511 0.189351 0.010878 1.84153 
1.01454 0.190931 0.0532673 1.84006 
1.01262 0.197796 0.0553776 1.83711 
1.01323 0.194235 0.0461208 1.83779 
1.01264 0.204061 0.0314225 1.83718 
1.01202 0.202412 0.043754 1.83634 
1.01138 0.207488 0.0368297 1.83538 
1.0168 0.180914 0.0370579 1.84356 
1.01618 0.185726 0.0159262 1.84305 
1.01639 0.18585 0.0204247 1.84371 
1.0161 0.188652 0.0193514 1.84339 
1.01667 0.185454 0.0138129 1.84437 
1.01539 0.192057 0.0154763 1.84218 
1.01601 0.186804 0.013134 1.84291 
1.016 0.188819 0.0122016 1.84315 
1.01566 0.185623 0.00947118 1.84252 
1.01713 0.173503 0.00935881 1.84478 
1.01597 0.180121 0.00883802 1.84266 
1.01615 0.183885 0.0104669 1.84328 
1.01605 0.180507 0.0072987 1.84321 
1.01607 0.175938 0.00287328 1.84286 
1.01618 0.178087 0.0061451 1.84322 
1.01604 0.178132 0.00749118 1.84281 
1.01599 0.180877 0.00840243 1.84289 
1.01574 0.179758 0.00567666 1.84247 
1.01999 0.160725 0.00656891 1.84948 
1.01831 0.167041 0.00949407 1.84702 
1.01707 0.171783 0.0116272 1.84431 
1.01841 0.167053 0.0144763 1.84686 
1.01742 0.175818 0.0168814 1.84491 
1.0182 0.163288 -0.00138482 1.84649 
1.01725 0.172581 0.00603672 1.84529 
1.01695 0.173324 0.00449151 1.84469 
1.01699 0.170633 0.00575933 1.84445 
1.01544 0.18327 0.0073137 1.84199 
1.00933 0.214981 0.0384721 1.83255 
1.01238 0.204852 0.0161606 1.83705 
1.01477 0.189623 0.0383719 1.84083 
1.01439 0.194776 0.0315134 1.8405 
1.013 0.205116 0.0256917 1.83774 
1.01348 0.200101 0.0229759 1.83874 
1.01491 0.190756 0.0267144 1.84104 
1.01282 0.198493 0.0511528 1.83769 
1.01384 0.194282 0.0565272 1.83925 
1.01479 0.187352 0.0558143 1.84044 
1.01482 0.18778 0.0604977 1.84086 
1.01205 0.200314 0.0576093 1.83647 
1.00572 0.221732 0.0760879 1.8251 
1.01204 0.197914 0.0685254 1.83602 
1.01286 0.195583 0.0618303 1.83789 
1.0141 0.189971 0.0622831 1.83955 
1.01375 0.185425 0.0687148 1.83795 
1.01517 0.168373 0.0664973 1.84015 
1.01461 0.172442 0.0752563 1.83905 
1.02734 0.11583 0.0340065 1.87664 
1.01309 0.188513 0.0768961 1.83653 
1.01579 0.179983 0.0704795 1.84224 
1.01422 0.187244 0.0822958 1.83908 
1.01874 0.161623 0.0375075 1.85299 
1.01452 0.185022 0.0695249 1.84055 
1.01419 0.180055 0.0800084 1.83845 
1.01474 0.186404 0.0693697 1.84016 
1.01471 0.184242 0.0696703 1.83991 
1.01441 0.186945 0.072157 1.83913 
1.0094 0.183815 0.062808 1.83104 
0.99588 0.2553 0.0714637 1.81304 
0.996254 0.248393 0.0742062 1.81476 
0.994973 0.261384 0.0589684 1.80928 
1.00255 0.231561 0.0700791 1.82341 
0.999056 0.239374 0.0758071 1.81705 
1.00171 0.235673 0.0679813 1.82183 
0.998463 0.242901 0.0635814 1.81649 
1.0003 0.240587 0.0601784 1.81897 
1.0004 0.233748 0.0747787 1.8199 
1.00031 0.247016 0.0337563 1.81765 
1.00009 0.247586 0.0341186 1.81731 
1.00009 0.247544 0.033794 1.81733 
1.00016 0.247778 0.0345343 1.81741 
1.0133 0.189997 -0.075566 1.84188 
1.00906 0.203399 -0.0692873 1.83566 
1.0195 0.151678 -0.0540793 1.85141 
1.01008 0.212455 -0.0477282 1.83542 
1.00905 0.218292 -0.0544215 1.83421 
1.00655 0.222373 -0.0515884 1.82858 
1.00904 0.212347 -0.0625444 1.83503 
1.01069 0.206983 -0.0589328 1.83731 
1.01189 0.196838 -0.0616403 1.83759 
1.01544 0.195652 -0.0567072 1.84543 
1.01191 0.211675 -0.00282334 1.83594 
1.01326 0.210379 -0.00829337 1.83842 
1.01323 0.202476 0.00349428 1.83888 
1.01505 0.199698 0.0159567 1.84215 
1.01383 0.200358 0.0133168 1.83917 
1.01416 0.200727 0.00534946 1.83956 
1.015 0.193493 0.00928253 1.84137 
1.01474 0.194563 0.0104487 1.84083 
1.01515 0.195633 0.0080282 1.84163 
1.01511 0.192934 0.0111292 1.84185 
1.01257 0.212964 -0.0181175 1.83751 
1.01229 0.214452 -0.012216 1.83646 
1.01396 0.206321 -0.0195223 1.84072 
1.01332 0.205338 -0.00965915 1.83928 
1.00673 0.23695 0.00918991 1.83022 
1.00518 0.235311 -0.00408899 1.82769 
1.00456 0.239105 -0.0060398 1.82674 
1.00874 0.224261 -0.0138009 1.83239 
1.00606 0.234601 -0.0132201 1.82879 
1.00713 0.233886 -0.018502 1.83087 
1.00613 0.228274 0.00347044 1.82824 
1.0107 0.217632 -0.000702664 1.83555 
1.00945 0.218607 0.00456617 1.83341 
1.01541 0.186732 0.0234829 1.84154 
1.01498 0.191078 0.02121 1.84109 
1.01627 0.188698 0.0174916 1.8436 
1.01413 0.196803 0.0150559 1.83976 
1.01602 0.188737 0.0138807 1.843 
1.00625 0.230351 0.0156474 1.82807 
1.00289 0.243344 0.0146876 1.82323 
1.0014 0.244393 0.00936906 1.82078 
1.00495 0.235143 0.013422 1.82596 
0.996084 0.230561 0.00303702 1.80802 
0.995077 0.238084 -0.0141422 1.80702 
0.991179 0.256735 -0.0105806 1.80086 
0.991099 0.254403 -0.0159409 1.8 
0.994363 0.249805 -0.00681886 1.80636 
0.99483 0.249918 0.00203038 1.80681 
0.994633 0.255853 0.00497434 1.80724 
0.987166 0.272859 -0.0122629 1.79483 
0.98855 0.265421 -0.0036923 1.79724 
0.987649 0.272793 -0.00166058 1.79564 
0.992802 0.19393 -0.0315112 1.7996 
0.992693 0.209989 -0.0271516 1.80031 
0.993304 0.21418 -0.018545 1.8013 
0.996396 0.224726 -0.00198826 1.80871 
0.992731 0.228142 -0.018469 1.80084 
0.993436 0.228415 -0.0255097 1.80322 
0.992592 0.223978 -0.0349703 1.80101 
0.978707 0.187529 -0.0868159 1.77166 
0.987683 0.225261 -0.0516527 1.79123 
0.987484 0.195306 -0.0562039 1.78907 
0.989099 0.216872 -0.0488184 1.79322 
0.975484 0.216901 -0.0824261 1.7688 
0.977364 0.216335 -0.0776469 1.77151 
0.986625 0.22332 -0.0638474 1.78973 
0.983629 0.235871 -0.0621527 1.78444 
0.980287 0.234815 -0.0699601 1.77916 
0.987437 0.205858 -0.0602209 1.7899 
0.970588 0.284393 -0.0462589 1.76573 
0.984525 0.272778 -0.0253982 1.79069 
0.982098 0.268568 -0.0375739 1.7848 
0.98371 0.263772 -0.0393453 1.78721 
0.979438 0.259446 -0.0584475 1.77908 
0.984587 0.260681 -0.0358547 1.78772 
0.982656 0.259556 -0.0446866 1.78411 
0.980944 0.261154 -0.0488588 1.78174 
0.987645 0.245906 -0.0479849 1.79283 
0.988106 0.250094 -0.035455 1.79454 
0.984414 0.276789 -0.0237349 1.79116 
0.982563 0.276155 -0.0245223 1.78677 
0.984528 0.269306 -0.0298339 1.79044 
1.01087 0.201745 -0.0633303 1.83702 
1.01399 0.197539 -0.0523727 1.84144 
1.01234 0.203257 -0.0495138 1.83859 
1.01376 0.189023 -0.058108 1.84062 
1.01556 0.19288 -0.0486124 1.84429 
1.01623 0.192892 -0.0324397 1.84367 
1.00901 0.225053 -0.0337845 1.83338 
1.00918 0.220204 -0.0424337 1.83399 
1.00872 0.216801 -0.0493797 1.83291 
1.01021 0.213869 -0.0418258 1.83507 
1.00937 0.219411 -0.0334675 1.83301 
1.00325 0.236668 -0.0182856 1.8231 
1.00507 0.216037 -0.0536859 1.82636 
1.00305 0.217 -0.0434029 1.8221 
1.00037 0.213737 -0.0340454 1.81648 
0.998037 0.196827 -0.031729 1.8098 
0.995932 0.170961 -0.0396016 1.80445 
1.00042 0.194341 -0.0515274 1.8158 
0.995611 0.192281 -0.0354177 1.80388 
0.996332 0.186513 -0.0289827 1.80629 
0.990531 0.155434 -0.0406287 1.79105 
0.991655 0.156485 -0.0470041 1.79507 
0.985744 0.141022 -0.0701732 1.78129 
1.00061 0.206601 -0.0507127 1.8162 
1.00068 0.208674 -0.0429282 1.81668 
0.989845 0.140954 -0.0508618 1.78942 
1.0111 0.216449 -0.0206753 1.83539 
1.00778 0.227875 -0.0221611 1.8305 
1.00837 0.20576 -0.0688794 1.83314 
1.01065 0.206917 -0.0519211 1.83609 
1.00892 0.212456 -0.059837 1.83384 
1.00089 0.245651 0.0191156 1.81927 
0.997497 0.241279 0.0222564 1.81128 
1.00175 0.245143 0.0122411 1.82147 
0.999689 0.242472 0.015583 1.81708 
1.00004 0.242131 0.0098597 1.81779 
1.0008 0.233698 -0.00321969 1.81882 
0.994153 0.239088 -0.00481077 1.80475 
0.993669 0.222271 -0.0128847 1.80258 
0.994941 0.23597 0.000940204 1.80579 
0.998276 0.238715 0.016535 1.81351 
0.998567 0.241803 0.0231595 1.81384 
0.997066 0.240549 0.016156 1.81052 
0.995939 0.238706 0.00582404 1.80812 
0.991541 0.220539 -0.0296373 1.7982 
0.996309 0.225761 -0.00344292 1.80868 
0.995761 0.215986 -0.0117984 1.80717 
0.99732 0.220311 -0.00615846 1.81072 
0.992366 0.254281 -0.00566297 1.80272 
0.993287 0.234418 -0.00970525 1.80248 
0.993503 0.246851 -0.00376978 1.8037 
0.997715 0.237369 0.0139699 1.8122 
0.997531 0.238439 0.0121596 1.81166 
0.997874 0.243144 0.0253098 1.81209 
0.997673 0.245468 0.0224396 1.81151 
0.994753 0.256368 0.0162688 1.80652 
0.996788 0.244418 0.0159234 1.80995 
0.997278 0.249234 0.0231551 1.81032 
0.99213 0.257261 -0.000511335 1.8026 
1.00498 0.238004 -0.0104967 1.82726 
1.00358 0.238325 -0.0100185 1.82465 
1.00284 0.242032 -0.000658911 1.82356 
0.999923 0.237944 -0.000401292 1.81699 
0.994957 0.22581 -0.00833328 1.80579 
0.997551 0.231151 0.00409681 1.81142 
0.997449 0.231838 0.00720153 1.81117 
1.00018 0.227846 -0.00550851 1.8165 
1.00563 0.237069 -0.0193148 1.82852 
1.00262 0.237737 -0.0121321 1.82198 
1.00147 0.234946 -0.00606862 1.81923 
0.999159 0.222895 -0.0106052 1.81385 
1.0035 0.227814 -0.0312327 1.82225 
1.00169 0.227383 -0.0239333 1.81944 
1.00593 0.23131 -0.032453 1.82752 
1.00128 0.230475 -0.017744 1.81857 
0.997508 0.213137 -0.0122479 1.81054 
0.994889 0.204913 -0.0132024 1.80436 
0.995064 0.194062 -0.0182929 1.80452 
0.995807 0.18798 -0.0241278 1.80576 
1.00582 0.232912 0.00436196 1.82818 
1.00428 0.241499 0.00862142 1.82531 
1.005 0.236179 0.000366231 1.82743 
0.998188 0.208763 -0.0178992 1.81192 
1.00372 0.238881 0.0162564 1.82451 
1.00736 0.227062 -0.00288405 1.83103 
1.00628 0.230659 -0.00603713 1.82927 
1.01089 0.220129 -0.0104565 1.83562 
1.00877 0.221516 -0.00466798 1.8324 
1.00461 0.229576 0.0295656 1.82414 
1.00309 0.238237 0.0212172 1.82253 
0.9998 0.247346 0.0344579 1.81643 
0.999747 0.24774 0.0342928 1.81631 
0.999779 0.247406 0.0339685 1.81645 
1.00182 0.247113 0.0252103 1.82107 
1.0007 0.245794 0.0324437 1.81839 
1.00123 0.247648 0.0300391 1.81981 
1.00062 0.247653 0.0323404 1.81839 
0.999717 0.247249 0.0337236 1.81637 
0.99951 0.247031 0.0324675 1.81587 
0.999199 0.246142 0.0299747 1.81524 
0.999668 0.248316 0.0337561 1.81617 
0.999137 0.24536 0.0297921 1.81515 
0.999975 0.247505 0.0345611 1.81694 
1.00047 0.245183 0.023281 1.81837 
1.00305 0.245262 0.0178377 1.8239 
1.00063 0.246586 0.0265725 1.81861 
1.00053 0.246935 0.0327556 1.81808 
0.999238 0.246703 0.0318179 1.8153 
1.00069 0.247026 0.0300733 1.81881 
0.998867 0.250008 0.0417748 1.81506 
0.99081 0.272285 0.0499411 1.80313 
0.992468 0.265226 0.0616746 1.80402 
0.98766 0.279952 0.0405327 1.79706 
0.997755 0.255914 0.0383815 1.81391 
0.995196 0.255676 0.0212931 1.80617 
0.999588 0.248522 0.0351309 1.81608 
0.997883 0.253505 0.0364121 1.81366 
0.997701 0.249463 0.0260301 1.81153 
0.999829 0.247536 0.0344081 1.81651 
0.999795 0.247818 0.0345032 1.81647 
0.999876 0.247941 0.0347258 1.81671 
0.999865 0.247676 0.0347468 1.81665 
1.00001 0.24755 0.0349542 1.817 
0.994308 0.262431 0.0162737 1.80688 
0.997812 0.25873 0.0267045 1.81257 
0.99891 0.250439 0.0328803 1.81495 
0.998332 0.247631 0.0283746 1.81318 
0.999037 0.248962 0.0312016 1.81515 
0.999607 0.248864 0.0347765 1.81615 
0.997739 0.252736 0.0326541 1.81241 
0.999293 0.248066 0.032275 1.81541 
0.992546 0.266628 0.0361781 1.80311 
0.988624 0.278748 0.0485084 1.80041 
0.989995 0.272102 0.0357536 1.79934 
0.985726 0.285503 0.0356727 1.79355 
0.983349 0.291035 0.0200559 1.79019 
0.978544 0.249472 -0.0660883 1.77714 
0.984433 0.247187 -0.0554929 1.78663 
0.981696 0.256934 -0.0542969 1.78278 
0.985315 0.252633 -0.042923 1.78809 
0.979887 0.271965 -0.0218783 1.7807 
0.981257 0.273306 -0.0290865 1.78363 
0.981889 0.273779 -0.0251121 1.78493 
0.981888 0.262301 -0.0280466 1.78331 
0.981922 0.264283 -0.022101 1.7837 
0.981215 0.266631 -0.0271407 1.78259 
0.981727 0.276943 -0.0244351 1.78476 
0.982806 0.261023 -0.0247035 1.78498 
0.980049 0.276266 0.0146141 1.78442 
0.999852 0.247355 0.034327 1.81658 
0.9998 0.247849 0.0340097 1.81645 
0.997396 0.253796 0.0288185 1.81114 
0.995264 0.207117 -0.0118272 1.80548 
0.99756 0.222889 -0.00416925 1.81068 
0.994302 0.225543 -0.0224976 1.80466 
0.991445 0.203315 -0.0328673 1.79703 
0.994053 0.202693 -0.0157304 1.80301 
0.992212 0.207782 -0.0196678 1.79888 
0.988979 0.253844 -0.030547 1.79705 
0.992626 0.24801 -0.0165406 1.80295 
0.985062 0.263993 -0.032021 1.7905 
0.987491 0.25474 -0.0377596 1.7935 
0.986885 0.26139 -0.0285677 1.79446 
0.991211 0.257239 -0.0208863 1.80065 
0.993289 0.246057 -0.0124309 1.80347 
0.989564 0.263224 -0.00913091 1.79861 
0.987114 0.265495 -0.0234332 1.79468 
0.991119 0.252047 -0.0265306 1.80004 
0.98948 0.242613 -0.039343 1.79743 
0.987583 0.238234 -0.0467197 1.79231 
0.989943 0.222136 -0.0439703 1.79542 
0.992713 0.2446 -0.0277726 1.80274 
0.990933 0.211778 -0.0395427 1.79658 
0.992394 0.240992 -0.0227685 1.80172 
0.980406 0.27137 -0.0402886 1.78235 
0.985229 0.219527 -0.0585438 1.78554 
0.990925 0.236012 -0.0341183 1.79825 
1.00324 0.242201 0.0231165 1.82323 
1.00143 0.246943 0.0279632 1.8201 
1.00252 0.245387 0.0215101 1.82215 
0.987653 0.155762 -0.0533199 1.78597 
0.987564 0.178686 -0.0596832 1.78847 
0.991373 0.191944 -0.0489936 1.7964 
0.980666 0.190868 -0.0821658 1.77556 
0.984972 0.195288 -0.0726418 1.78374 
0.983305 0.207856 -0.072095 1.78131 
0.986292 0.149822 -0.0638407 1.78327 
0.987417 0.142149 -0.0514945 1.78498 
0.98791 0.135357 -0.0559345 1.78528 
0.986062 0.148371 -0.0564619 1.7823 
0.986337 0.131091 -0.0682686 1.78185 
0.982812 0.146119 -0.0800236 1.77483 
0.984296 0.127729 -0.089102 1.77683 
0.98043 0.15788 -0.0874687 1.77126 
0.982559 0.123425 -0.0963467 1.77223 
0.986741 0.11878 -0.076627 1.78084 
0.986196 0.123771 -0.0797179 1.78107 
0.980344 0.116439 -0.0933687 1.7652 
0.99101 0.210005 -0.0430648 1.79674 
0.990058 0.236143 -0.0391717 1.79726 
0.989783 0.201644 -0.0504155 1.79413 
0.984541 0.177549 -0.0656612 1.78081 
0.99374 0.178074 -0.0305534 1.80102 
0.992061 0.172162 -0.0454256 1.79609 
0.989651 0.171026 -0.0562568 1.79202 
0.990595 0.162903 -0.043483 1.79218 
0.992902 0.165884 -0.0371419 1.79803 
0.990958 0.149125 -0.0424897 1.79203 
0.995629 0.217469 -0.0067595 1.80578 
0.980363 0.205951 -0.0773185 1.77622 
0.975047 0.211876 -0.0818915 1.76693 
0.985601 0.163533 -0.0750874 1.7832 
0.992039 0.178275 -0.037912 1.79692 
0.990833 0.195475 -0.0443263 1.7955 
0.990501 0.177144 -0.0511568 1.79292 
0.9887 0.146317 -0.0445937 1.78711 
0.982575 0.140315 -0.0872827 1.77403 
1.00097 0.195542 -0.0609098 1.81713 
1.00238 0.179237 -0.0534539 1.82008 
1.01203 0.194394 -0.0683694 1.84146 
0.99273 0.192604 -0.0237509 1.79935 
0.99165 0.1879 -0.0382387 1.79671 
0.993125 0.186131 -0.0230867 1.79989 
0.992565 0.174542 -0.0306009 1.79757 
0.99272 0.166568 -0.0348927 1.79725 
0.991278 0.156115 -0.041921 1.79329 
0.994245 0.171983 -0.0375463 1.80037 
0.996061 0.194793 -0.0258739 1.80598 
1.00653 0.228612 -0.0377413 1.82893 
1.00604 0.235654 -0.0250061 1.82883 
0.998104 0.210375 -0.0246521 1.81167 
1.00403 0.230094 -0.0295793 1.82349 
0.998786 0.216477 -0.0222899 1.81331 
0.995167 0.196024 -0.0193514 1.80437 
1.00111 0.218857 -0.0300872 1.8186 
0.985993 0.271869 -0.0219766 1.79359 
0.981008 0.288307 -0.0179133 1.78577 
0.983641 0.293165 -0.00218806 1.79121 
0.976027 0.311436 0.00138572 1.77921 
0.977567 0.301897 -0.00386435 1.78077 
0.977277 0.306985 0.00320327 1.78079 
0.975645 0.197969 -0.0870031 1.7669 
0.970374 0.193684 -0.094043 1.75651 
0.969791 0.174987 -0.103239 1.75065 
0.973077 0.174382 -0.0938034 1.75759 
0.977828 0.173031 -0.0905138 1.7683 
0.978737 0.159714 -0.0919232 1.76877 
0.978927 0.138855 -0.0983715 1.76653 
0.980255 0.135349 -0.0955981 1.76903 
0.981577 0.174826 -0.0825752 1.77555 
0.983414 0.16346 -0.0670496 1.77713 
0.98422 0.194305 -0.0675972 1.78143 
0.983789 0.177458 -0.0771128 1.78053 
0.991336 0.141901 -0.0562571 1.79283 
0.982531 0.270513 -0.0322705 1.7861 
0.96364 0.197561 -0.105454 1.7372 
0.967232 0.215007 -0.0897789 1.75386 
0.963881 0.214774 -0.0987395 1.73699 
0.982511 0.144913 -0.0896318 1.77466 
0.980959 0.126347 -0.0974993 1.76973 
0.967049 0.210147 -0.093577 1.74939 
0.967579 0.195551 -0.100464 1.7475 
0.970368 0.207313 -0.0898554 1.75907 
0.974546 0.154962 -0.100691 1.75712 
0.978183 0.149828 -0.0970699 1.76492 
0.972585 0.18859 -0.092631 1.76001 
0.951713 0.294696 -0.0301328 1.731 
0.977725 0.268765 -0.0535509 1.77708 
0.97401 0.263286 -0.0666738 1.76874 
0.965765 0.267433 -0.0646217 1.75921 
0.971332 0.233103 -0.0812436 1.76514 
0.975399 0.249904 -0.0707384 1.77025 
0.979029 0.275993 -0.0248285 1.77938 
0.981301 0.267853 -0.0162626 1.78411 
0.977113 0.281148 -0.0233734 1.77655 
0.974846 0.293207 -0.00949879 1.77598 
0.958697 0.291088 -0.0389712 1.74318 
0.959381 0.280674 -0.0519154 1.74352 
0.978045 0.268458 -0.046383 1.7771 
0.976545 0.27897 -0.0387815 1.77466 
0.974415 0.28354 -0.0306158 1.77119 
0.975144 0.280055 -0.0467271 1.77301 
0.975743 0.273089 -0.0556736 1.7737 
0.972388 0.167813 -0.0989982 1.75533 
0.969543 0.187683 -0.0996466 1.75142 
0.959007 0.224545 -0.0975341 1.72513 
0.961859 0.243981 -0.0842623 1.73821 
0.955283 0.25426 -0.0763433 1.72356 
0.979385 0.274538 -0.0366447 1.7802 
0.979888 0.274488 -0.0294831 1.78106 
0.97254 0.289522 -0.0342546 1.77123 
0.964761 0.278732 -0.0532681 1.75599 
0.956112 0.270725 -0.0611065 1.73118 
0.963791 0.240351 -0.083597 1.7494 
0.97391 0.234219 -0.0768173 1.76595 
0.9681 0.24612 -0.0774595 1.75888 
0.969792 0.26147 -0.069024 1.76237 
0.96102 0.251513 -0.0790121 1.74673 
0.963599 0.222892 -0.0918004 1.7419 
0.979916 0.263612 0.00154199 1.78188 
0.974403 0.291413 0.00437257 1.77469 
0.973725 0.28163 -0.0132604 1.77035 
0.997895 0.237602 0.0957667 1.81695 
0.994518 0.243013 0.112304 1.81117 
0.986872 0.260076 0.126572 1.79932 
0.981412 0.275363 0.119699 1.79034 
0.994133 0.249423 0.0797438 1.81142 
0.991726 0.25299 0.101971 1.8073 
0.992357 0.257738 0.0821364 1.80825 
0.985867 0.23071 -0.037325 1.7886 
0.981844 0.250066 -0.0352957 1.78172 
0.983274 0.244022 -0.0415961 1.78417 
0.983615 0.239087 -0.0362464 1.78412 
0.983137 0.243697 -0.021297 1.78414 
0.980375 0.26182 -0.0176097 1.78028 
0.979024 0.270939 -0.00920153 1.78056 
0.981118 0.269259 -0.0257321 1.78269 
0.982213 0.253637 -0.0269251 1.7825 
0.981297 0.271233 -0.0246097 1.78353 
0.981604 0.2603 -0.031655 1.78262 
0.983478 0.245708 -0.0323372 1.78479 
0.983834 0.248809 -0.0268579 1.78609 
0.982014 0.25578 -0.0320681 1.78281 
0.953049 0.324692 -0.00355595 1.73507 
0.981099 0.251172 -0.0387795 1.78068 
0.980156 0.276115 -0.0259928 1.78073 
0.978544 0.276696 -0.0296231 1.77827 
0.979694 0.269862 -0.0318283 1.78006 
0.978871 0.289531 -0.0217774 1.77969 
0.977122 0.284313 -0.0276999 1.7765 
0.980178 0.285693 -0.0230617 1.78217 
0.980665 0.279906 -0.0255935 1.78208 
0.981927 0.286848 -0.0168827 1.78649 
0.980774 0.281352 -0.0231857 1.78359 
0.981461 0.28003 -0.0230588 1.7849 
0.981688 0.280112 -0.0222234 1.78519 
0.978996 0.28189 -0.0259024 1.77881 
0.980206 0.28532 -0.0213593 1.7832 
0.977028 0.292671 -0.0232017 1.77798 
0.979252 0.293186 -0.0175851 1.7821 
0.978412 0.296582 -0.0154335 1.78099 
0.975881 0.284487 -0.0295858 1.7748 
0.981186 0.24887 -0.041369 1.78055 
0.980322 0.262109 -0.0328817 1.7805 
0.980143 0.266764 -0.0308516 1.78064 
0.980657 0.268221 -0.028141 1.78178 
0.979912 0.273674 -0.0293993 1.78086 
0.979134 0.265423 -0.0360988 1.77849 
0.977863 0.25596 -0.044202 1.77526 
0.978242 0.257364 -0.0408745 1.77623 
0.979162 0.261556 -0.0356464 1.7782 
0.977438 0.262572 -0.0400699 1.77492 
0.97817 0.264458 -0.0377803 1.77665 
0.97724 0.267683 -0.0371276 1.77534 
0.976815 0.265689 -0.0388627 1.77416 
0.977172 0.262179 -0.0413609 1.77431 
0.979052 0.26944 -0.0341021 1.77868 
0.979839 0.272532 -0.0273543 1.78025 
0.976507 0.278695 -0.0313396 1.77493 
0.975271 0.278156 -0.0335176 1.77262 
0.975845 0.273062 -0.0362585 1.77337 
0.977463 0.275636 -0.0317055 1.77617 
0.97654 0.273507 -0.0353319 1.77464 
0.977002 0.271387 -0.0354738 1.77529 
0.979928 0.256683 -0.0384113 1.77976 
0.978572 0.254767 -0.0430837 1.77677 
0.979893 0.251251 -0.0439557 1.77914 
0.976203 0.266996 -0.0394085 1.77343 
0.977457 0.259429 -0.0428383 1.77471 
0.978564 0.26183 -0.0395589 1.77729 
0.974577 0.269675 -0.0404348 1.77042 
0.974159 0.271185 -0.0410805 1.76952 
0.975066 0.267769 -0.0414742 1.77114 
0.972868 0.275728 -0.0385242 1.76782 
0.974427 0.272797 -0.0384097 1.77061 
0.974424 0.274964 -0.0368237 1.77082 
0.97413 0.272709 -0.0398796 1.76972 
0.972844 0.278755 -0.03668 1.76788 
0.973521 0.274126 -0.039678 1.7687 
0.973842 0.276846 -0.0364504 1.77013 
0.972367 0.284934 -0.0325159 1.76743 
0.972443 0.282554 -0.0342527 1.76752 
0.974072 0.283128 -0.0321291 1.77135 
0.974508 0.282359 -0.0319618 1.77182 
0.975467 0.275692 -0.0354912 1.77293 
0.975936 0.28288 -0.0293915 1.77435 
0.972141 0.295221 -0.0252283 1.76865 
0.971348 0.290314 -0.0285451 1.7663 
0.973287 0.289902 -0.0280142 1.77078 
0.975354 0.288045 -0.027421 1.7745 
0.978006 0.28984 -0.0242292 1.77843 
0.971841 0.286878 -0.032042 1.7666 
0.973776 0.28121 -0.0341971 1.77018 
0.972836 0.293087 -0.0258396 1.7702 
0.972579 0.285608 -0.0311678 1.76812 
0.974088 0.287709 -0.0289908 1.77195 
0.978191 0.28133 -0.0277368 1.77816 
0.974591 0.299771 -0.0187211 1.77432 
0.970212 0.2971 -0.0249507 1.76504 
0.968475 0.298427 -0.0250811 1.76187 
0.967567 0.295557 -0.0276844 1.75993 
0.972408 0.28836 -0.0296349 1.76842 
0.972726 0.304507 -0.014852 1.77032 
0.972255 0.277052 -0.0389818 1.76655 
0.973782 0.279237 -0.0347217 1.77014 
0.97475 0.280006 -0.033336 1.77235 
0.973694 0.285314 -0.0306872 1.77079 
0.971542 0.279725 -0.0376162 1.76573 
0.973184 0.280924 -0.0349833 1.76877 
0.971666 0.282234 -0.0354703 1.76619 
0.972259 0.27851 -0.0378454 1.76676 
0.970218 0.281817 -0.0364869 1.76359 
0.970466 0.279851 -0.0378332 1.76364 
0.970319 0.287211 -0.0324543 1.76447 
0.970966 0.28628 -0.0328166 1.76509 
0.977633 0.276856 -0.0323831 1.77715 
0.973032 0.276787 -0.0373621 1.76828 
0.978244 0.272605 -0.0334928 1.77785 
0.975556 0.270006 -0.0380333 1.77259 
0.975824 0.266272 -0.0410596 1.77242 
0.974565 0.270544 -0.0391071 1.7706 
0.976606 0.264315 -0.0420768 1.7736 
0.968222 0.290789 -0.0309572 1.76075 
0.969474 0.285341 -0.0348499 1.76248 
0.970302 0.289315 -0.030544 1.76442 
0.971103 0.284547 -0.0342108 1.76546 
0.969535 0.286748 -0.0335565 1.76293 
0.969995 0.283833 -0.0351604 1.76336 
0.969512 0.29095 -0.0303228 1.76333 
0.964077 0.312195 -0.0150966 1.75587 
0.96421 0.308673 -0.0176105 1.75537 
0.965028 0.312396 -0.0138936 1.7573 
0.964391 0.306551 -0.0194045 1.75557 
0.968746 0.311797 -0.0130141 1.76459 
0.96943 0.293531 -0.0282453 1.76337 
0.967619 0.292647 -0.0306865 1.75939 
0.965674 0.295687 -0.0290799 1.75583 
0.96586 0.293762 -0.03056 1.75603 
0.965669 0.301186 -0.0240639 1.75774 
0.966512 0.297475 -0.027541 1.75822 
0.975664 0.314098 0.00432614 1.77816 
0.974207 0.309995 -0.00344611 1.77483 
0.972728 0.317459 -0.000277311 1.77201 
0.974093 0.310681 -0.00758383 1.773 
0.972806 0.313685 -0.0084688 1.77166 
0.96947 0.307869 -0.0169878 1.76485 
0.970696 0.304543 -0.0179538 1.76649 
0.975242 0.291439 -0.0251273 1.77457 
0.977091 0.298778 -0.0163065 1.77872 
0.974382 0.294296 -0.0235985 1.77383 
0.972807 0.297855 -0.0210226 1.77044 
0.971596 0.306923 -0.0154819 1.76898 
0.971905 0.300604 -0.0206387 1.76876 
0.971177 0.293579 -0.0266249 1.76646 
0.973098 0.298859 -0.0217168 1.77134 
0.970718 0.300245 -0.0226431 1.76621 
0.970729 0.306099 -0.0184986 1.76712 
0.967529 0.305584 -0.0191966 1.76108 
0.967255 0.297527 -0.0260524 1.75975 
0.967466 0.302754 -0.0218133 1.76094 
0.966367 0.300665 -0.0239996 1.75879 
0.97229 0.289019 -0.029638 1.76801 
0.978813 0.302591 0.000699619 1.78336 
0.975155 0.303946 -0.011009 1.77586 
0.974077 0.306734 -0.011394 1.77285 
0.975722 0.297244 -0.0194544 1.77532 
0.97917 0.297122 -0.00951831 1.78333 
0.981853 0.291725 -0.00920953 1.7869 
0.979988 0.29192 -0.0153942 1.7838 
0.98382 0.288322 -0.0123227 1.79072 
0.982911 0.283742 -0.0192345 1.78835 
0.982479 0.275076 -0.0256999 1.78639 
0.981501 0.274166 -0.0253817 1.78403 
0.982645 0.273378 -0.0284908 1.78676 
0.983061 0.280703 -0.0197432 1.78847 
0.98566 0.275514 -0.0165826 1.79276 
0.987229 0.276937 0.00766543 1.7948 
0.980485 0.293901 -0.0113549 1.78529 
0.984917 0.280731 -0.0156424 1.79293 
0.981612 0.273021 -0.0259288 1.78438 
0.986458 0.276614 -0.00618732 1.79377 
0.983534 0.283992 -0.0113097 1.79006 
0.98845 0.266938 -0.0140743 1.7964 
0.966748 0.306577 -0.0187389 1.76024 
0.965464 0.309716 -0.0161496 1.75783 
0.965047 0.304569 -0.0210872 1.75659 
0.96495 0.300942 -0.0248798 1.75528 
0.963638 0.303878 -0.0229365 1.75303 
0.963923 0.301623 -0.0255607 1.75222 
0.965588 0.297936 -0.027383 1.75633 
0.964362 0.302967 -0.023081 1.75454 
0.964923 0.298619 -0.0275761 1.75416 
0.965605 0.304149 -0.0213423 1.75782 
0.963289 0.305718 -0.0210439 1.75322 
0.962658 0.306973 -0.020393 1.7521 
0.962646 0.304454 -0.0234551 1.75044 
0.964748 0.300316 -0.0261235 1.75397 
0.961545 0.307237 -0.0211556 1.74878 
0.961069 0.308974 -0.0192953 1.7484 
0.962616 0.31399 -0.0135533 1.75326 
0.963212 0.317231 -0.0102827 1.75517 
0.960231 0.315497 -0.0127764 1.74861 
0.959714 0.320122 -0.00944652 1.74837 
0.958752 0.312806 -0.0168805 1.74425 
0.957265 0.319652 -0.00974582 1.74265 
0.957377 0.315137 -0.0143928 1.74169 
0.959584 0.311732 -0.0173625 1.74623 
0.960219 0.310114 -0.0191824 1.74705 
0.961322 0.312094 -0.015502 1.75036 
0.958429 0.314627 -0.0149076 1.74375 
0.960488 0.313198 -0.0149994 1.749 
0.958627 0.3157 -0.0136375 1.7446 
0.942755 0.341568 0.0388149 1.71706 
0.963512 0.333926 0.0190983 1.75813 
0.946298 0.340123 0.0303459 1.72315 
0.949672 0.337687 0.0188183 1.7307 
0.947155 0.342329 0.0325133 1.72693 
0.948787 0.342001 0.0303032 1.73083 
0.950082 0.339564 0.0235843 1.73275 
0.954964 0.344494 0.0288121 1.74347 
0.949192 0.346625 0.0409742 1.73224 
0.957152 0.346552 0.0452557 1.74803 
0.945896 0.348334 0.0504038 1.72633 
0.9491 0.351084 0.0566743 1.73472 
0.949926 0.34867 0.0473256 1.73435 
0.951239 0.34962 0.0553776 1.73792 
0.955147 0.34759 0.0450867 1.7448 
0.956734 0.346313 0.0714378 1.74921 
0.946246 0.349943 0.0633951 1.7279 
0.960021 0.344723 0.0648853 1.75434 
0.951989 0.350755 0.0699713 1.74174 
0.958604 0.346935 0.0588696 1.75177 
0.93686 0.344671 0.0916546 1.70978 
0.944826 0.349384 0.0832165 1.72473 
0.945753 0.348735 0.0912432 1.72618 
0.948282 0.338521 0.0239012 1.72586 
0.97451 0.316403 0.0157177 1.77702 
0.968586 0.32243 0.000993462 1.76529 
0.964141 0.325563 0.00102164 1.75843 
0.963743 0.322714 -0.0036042 1.75726 
0.967923 0.315021 -0.00961653 1.76274 
0.966734 0.309307 -0.016444 1.76028 
0.963307 0.310115 -0.0172566 1.75407 
0.962295 0.306154 -0.0217271 1.75028 
0.962407 0.308896 -0.0185061 1.75219 
0.960401 0.318336 -0.0105255 1.74953 
0.961559 0.309896 -0.0177193 1.75032 
0.96348 0.303376 -0.0238962 1.75201 
0.959502 0.340301 0.0899036 1.75516 
0.954122 0.338963 0.110928 1.74269 
0.953233 0.347322 0.0914525 1.74265 
0.950983 0.345895 0.037423 1.73555 
0.946767 0.339189 0.0263003 1.72303 
0.948106 0.35135 0.063167 1.73325 
0.948134 0.350243 0.0513911 1.73151 
0.954148 0.349163 0.0672363 1.74379 
0.958332 0.342287 0.0816235 1.75255 
0.953366 0.348811 0.0847075 1.74396 
0.957282 0.34471 0.0341659 1.74767 
0.953638 0.339086 0.0181905 1.73988 
0.957553 0.336754 0.0145093 1.74693 
0.97129 0.316244 -0.00461764 1.76901 
0.972533 0.31652 0.0103074 1.77149 
0.966746 0.325874 0.00436044 1.76318 
0.972512 0.322424 0.00902318 1.77248 
0.969563 0.32699 0.0137863 1.76746 
0.971739 0.323176 0.0219157 1.77299 
0.966689 0.328703 0.0105646 1.76299 
0.961478 0.324067 -0.00417585 1.75259 
0.958728 0.327779 -0.000343341 1.74707 
0.958308 0.328786 0.000774089 1.74686 
0.955822 0.324279 -0.00495216 1.74105 
0.956984 0.32317 -0.00625304 1.74285 
0.977331 0.308564 0.0225117 1.7811 
0.978705 0.300351 0.03357 1.78239 
0.975324 0.315921 0.0277179 1.77815 
0.977608 0.312907 0.0443106 1.78304 
0.980383 0.305435 0.0516811 1.78611 
0.974373 0.310525 0.0846999 1.77822 
0.966482 0.33687 0.0424284 1.76579 
0.964436 0.340292 0.0663106 1.76186 
0.969639 0.328049 0.0648482 1.77151 
0.97095 0.326127 0.0737762 1.77382 
0.972627 0.320159 0.0623658 1.77699 
0.970941 0.317475 0.0990721 1.77391 
0.961318 0.342491 0.036668 1.75643 
0.958586 0.342962 0.0286623 1.7503 
0.950569 0.343922 0.0325737 1.73448 
0.956341 0.343148 0.0260255 1.74577 
0.967284 0.332547 0.0232016 1.76542 
0.960665 0.340387 0.0267512 1.7542 
0.972525 0.322221 0.0277002 1.77492 
0.972063 0.32186 0.0422837 1.77409 
0.970045 0.328925 0.0199173 1.76963 
0.960802 0.331142 0.00898491 1.75242 
0.963005 0.337018 0.0193784 1.75831 
0.95959 0.336108 0.0144387 1.75067 
0.970852 0.321363 0.00289864 1.76868 
0.970863 0.311421 -0.0128323 1.76788 
0.969407 0.317293 -0.0060952 1.76615 
0.969675 0.310914 -0.013951 1.7659 
0.965932 0.315345 -0.0106341 1.75938 
0.967437 0.291299 -0.0322204 1.75872 
0.967794 0.289993 -0.0325778 1.75959 
0.967689 0.288257 -0.0338581 1.75909 
0.968462 0.289749 -0.0315487 1.76097 
0.966989 0.295661 -0.0287907 1.75879 
0.967999 0.292766 -0.0295399 1.76038 
0.968301 0.294304 -0.0283336 1.76121 
0.968885 0.287925 -0.0331457 1.76182 
0.969166 0.294855 -0.0277014 1.76288 
0.966862 0.293713 -0.0304461 1.75817 
0.970483 0.294777 -0.0266242 1.76567 
0.968487 0.301471 -0.022737 1.76198 
0.969476 0.296807 -0.0259782 1.76363 
0.970116 0.303153 -0.0214138 1.76529 
0.965004 0.300008 -0.0254234 1.75568 
0.965461 0.29753 -0.0278998 1.75554 
0.96671 0.298732 -0.0255041 1.75916 
0.990874 0.272247 0.0307806 1.80187 
0.982629 0.296592 0.0476953 1.78947 
0.985115 0.282632 -0.00560826 1.79359 
0.98874 0.27353 0.00537008 1.79844 
0.983151 0.286381 -0.000570663 1.78896 
0.985111 0.284506 0.00507163 1.79248 
0.988142 0.276874 0.0154898 1.79653 
0.988062 0.271357 0.016442 1.79699 
0.987174 0.2805 0.0292573 1.79506 
0.985573 0.282062 0.0221556 1.79175 
0.980867 0.299784 0.00933632 1.7881 
0.976292 0.306361 -0.00592673 1.77978 
0.991259 0.270737 0.0239156 1.80357 
0.982342 0.292174 0.0125882 1.78843 
0.988065 0.267778 0.006432 1.79677 
0.991317 0.266179 0.0749168 1.80419 
0.994873 0.243675 0.0914882 1.81266 
0.987205 0.279082 0.0858285 1.7989 
0.959293 0.346195 0.0520325 1.75309 
0.965012 0.33992 0.0602791 1.76412 
0.973732 0.319494 0.0549229 1.7789 
0.950289 0.349939 0.0782615 1.73713 
0.955017 0.346184 0.0800246 1.74739 
0.963059 0.326422 0.114112 1.76115 
0.957382 0.338827 0.104492 1.75076 
0.964068 0.33282 0.0915162 1.76257 
0.946535 0.350083 0.0773303 1.72867 
0.937672 0.346824 0.0737454 1.70871 
0.954291 0.349425 0.0597036 1.74335 
0.942315 0.345455 0.0551078 1.71738 
0.944388 0.349577 0.070053 1.7234 
0.939115 0.346216 0.0620541 1.71042 
0.952582 0.347919 0.04975 1.74005 
0.976929 0.308687 0.0176823 1.78047 
0.981079 0.298599 0.00343154 1.78755 
0.981382 0.299918 0.026171 1.78867 
0.98878 0.275338 0.0603598 1.80008 
0.979033 0.310463 0.0367314 1.78537 
0.982552 0.294816 0.0370712 1.78901 
0.978373 0.304625 0.0646356 1.78325 
0.958839 0.345274 0.0382149 1.7514 
0.963179 0.339311 0.030354 1.75938 
0.96286 0.342927 0.0524315 1.7605 
0.978646 0.305572 0.0114202 1.78423 
0.955971 0.333281 0.00854773 1.74284 
0.954106 0.328131 0.0006195 1.73812 
0.957851 0.331615 0.00557722 1.74604 
0.955397 0.328359 0.000713451 1.7408 
0.956085 0.326995 -0.00131974 1.7419 
0.954395 0.321017 -0.00813964 1.73706 
0.960162 0.32303 -0.00633322 1.74958 
0.956749 0.317783 -0.011771 1.74094 
0.965427 0.320519 -0.00538848 1.75963 
0.962125 0.322055 -0.00580031 1.75372 
0.964631 0.317996 -0.00834918 1.75773 
0.988703 0.263446 -0.0193893 1.79653 
0.989768 0.267048 0.0111861 1.80074 
0.990507 0.26353 0.00136341 1.80183 
0.991647 0.261382 0.0105259 1.80204 
0.994438 0.246789 0.00579764 1.80529 
0.995347 0.249058 0.0118688 1.80726 
0.98977 0.270362 0.0758635 1.80153 
0.989164 0.270709 0.084542 1.80183 
0.989099 0.276327 0.0687737 1.8014 
0.995407 0.261606 0.0347965 1.8082 
0.992617 0.266601 0.0451178 1.80392 
0.993238 0.266088 0.0226713 1.80453 
0.999852 0.243365 0.0432371 1.81615 
1.00103 0.241983 0.0498307 1.81832 
1.00035 0.247023 0.0441931 1.81781 
0.998415 0.249042 0.0500446 1.81436 
0.99496 0.261569 0.0478638 1.80877 
0.995976 0.258707 0.0445075 1.81038 
0.99782 0.252963 0.0421989 1.81353 
0.997395 0.253339 0.0463499 1.81289 
0.995894 0.259306 0.0386725 1.80982 
0.95858 0.318607 -0.0113078 1.74565 
0.96202 0.319156 -0.00904982 1.75312 
0.967651 0.320226 -0.00343429 1.76331 
0.962873 0.327975 0.00366947 1.75652 
0.956718 0.33162 0.00575319 1.74409 
0.960207 0.329758 0.00186307 1.75064 
0.961496 0.332943 0.00830499 1.75423 
0.961133 0.327515 0.000472919 1.75231 
0.964051 0.332467 0.013534 1.75954 
0.95428 0.323285 -0.00562878 1.73754 
0.955394 0.318547 -0.0111874 1.73854 
0.958859 0.324778 -0.00428748 1.74702 
0.95286 0.326623 -0.000625606 1.73514 
0.951097 0.329656 0.00413934 1.73233 
0.955951 0.340834 0.0211872 1.74463 
0.955801 0.33578 0.0125397 1.74337 
0.958448 0.339132 0.0191429 1.74913 
0.960143 0.334063 0.00992079 1.75141 
0.961275 0.338593 0.0227096 1.75498 
0.94948 0.336479 0.0170046 1.7283 
0.950878 0.336074 0.0138567 1.73344 
0.948692 0.339736 0.0262855 1.72915 
0.950493 0.337591 0.0170919 1.73318 
0.952759 0.339786 0.0195892 1.73873 
0.951974 0.333019 0.0098385 1.73502 
0.95043 0.332332 0.00862205 1.73089 
0.952761 0.33113 0.0062409 1.73659 
0.951275 0.32805 0.00145191 1.73216 
0.954033 0.330762 0.00521813 1.73827 
0.949233 0.335804 0.0139711 1.72848 
0.9502 0.330836 0.00597198 1.73004 
0.95162 0.341509 0.0245312 1.73619 
0.952006 0.335337 0.0125946 1.73559 
0.953992 0.336674 0.0141791 1.74026 
0.948144 0.337097 0.0193264 1.7245 
0.948745 0.334483 0.0113527 1.72711 
0.955966 0.345571 0.0350042 1.74578 
0.954018 0.346795 0.0394586 1.74208 
0.952583 0.343665 0.0280744 1.73857 
0.94433 0.33976 0.0329976 1.71956 
0.945507 0.346186 0.0437338 1.72488 
0.967753 0.304059 0.124472 1.76648 
0.956232 0.33113 0.121651 1.74692 
0.967127 0.318195 0.114894 1.76795 
0.962223 0.338062 0.0748511 1.7566 
0.96883 0.316617 0.111008 1.77046 
0.970829 0.319348 0.0909549 1.77239 
0.964488 0.328349 0.101954 1.76347 
0.967948 0.32842 0.0868506 1.76801 
0.979441 0.297802 0.0838786 1.78748 
0.940157 0.347578 0.068683 1.71385 
0.962103 0.331098 0.107484 1.75973 
0.938937 0.332556 0.127788 1.71429 
0.940375 0.343753 0.104248 1.71968 
0.944165 0.33667 0.123461 1.72565 
0.971835 0.286154 0.106941 1.76882 
0.98277 0.240136 0.0938427 1.77989 
0.970785 0.297762 0.117223 1.77132 
0.947045 0.345476 0.0394174 1.72764 
0.941482 0.344175 0.049278 1.71482 
0.943181 0.344024 0.0431235 1.71894 
0.944728 0.347973 0.0563445 1.72378 
0.978572 0.253625 0.0700021 1.77199 
0.969258 0.295047 0.130642 1.76798 
0.951014 0.347887 0.094866 1.73607 
0.946043 0.342252 0.112602 1.73024 
0.941203 0.346197 0.0950037 1.72114 
0.934 0.342583 0.0995824 1.70147 
0.936845 0.345054 0.0850233 1.70878 
0.93876 0.347026 0.0805988 1.7121 
0.938286 0.341192 0.106576 1.71261 
0.971191 0.302203 0.12181 1.77244 
0.99233 0.251056 0.0939811 1.80854 
0.981052 0.202213 0.223273 1.79009 
0.996777 0.237799 0.102047 1.81472 
0.985589 0.268572 0.11787 1.79787 
0.991719 0.257844 0.0892245 1.80742 
0.988735 0.257698 0.103519 1.80112 
0.989424 0.25745 0.109682 1.80273 
0.99016 0.265127 0.101811 1.80519 
0.990099 0.268406 0.0965455 1.80544 
1.00659 0.205294 0.106832 1.82665 
1.00194 0.220084 0.107384 1.82267 
0.992864 0.234238 0.136865 1.80917 
0.999399 0.204596 0.149978 1.81604 
1.00492 0.187935 0.149966 1.82481 
0.99534 0.192374 0.191058 1.81235 
0.993159 0.239782 0.14878 1.81117 
0.991045 0.249141 0.114743 1.80515 
1.0018 0.209474 0.136104 1.82248 
0.990292 0.251346 0.14866 1.80603 
1.0059 0.216863 0.100467 1.82874 
1.00761 0.21078 0.0989684 1.82968 
1.01069 0.195741 0.0964158 1.83378 
1.01144 0.187068 0.110565 1.83553 
1.00024 0.217494 0.115627 1.81914 
1.00115 0.225394 0.0980045 1.82036 
0.997978 0.23051 0.10619 1.81614 
0.998453 0.223381 0.123401 1.81818 
0.995369 0.245121 0.105726 1.8132 
0.999584 0.231764 0.0931816 1.81724 
1.0047 0.225792 0.066903 1.82448 
1.01013 0.210222 0.0634403 1.833 
1.00795 0.212145 0.074946 1.82802 
1.00993 0.209502 0.0685644 1.83241 
1.00787 0.217878 0.0674891 1.82892 
1.008 0.21765 0.0624132 1.82943 
1.01234 0.201218 0.0654902 1.83726 
1.01094 0.207434 0.0625193 1.83447 
1.00981 0.204835 0.0575997 1.83151 
1.00977 0.208411 0.0774222 1.8321 
1.00357 0.227459 0.0800856 1.82432 
1.00403 0.228025 0.0859061 1.82609 
1.00013 0.224358 0.104259 1.81895 
1.00064 0.232442 0.0881618 1.81959 
1.00052 0.239855 0.0714987 1.82007 
1.00057 0.234 0.0838606 1.81977 
0.997136 0.238619 0.0810198 1.81282 
0.985147 0.220704 0.0646701 1.77768 
0.96519 0.297283 0.109699 1.75673 
0.971322 0.268519 0.0862651 1.7583 
0.968711 0.298147 0.111879 1.7676 
0.970135 0.295116 0.11174 1.76956 
0.975382 0.287981 0.116079 1.7785 
0.972064 0.296426 0.119872 1.77383 
0.971774 0.301924 0.119887 1.77411 
0.972536 0.27962 0.0863292 1.76226 
0.978249 0.137915 0.239135 1.77806 
0.959659 0.198276 0.235356 1.7486 
0.998304 0.156879 0.132093 1.81585 
0.998549 0.148099 0.156439 1.81636 
0.983597 0.192526 0.155209 1.79064 
0.93858 0.31937 0.148374 1.7131 
0.935058 0.334884 0.118907 1.70445 
0.94934 0.331015 0.13138 1.73601 
0.937418 0.280382 0.189304 1.7047 
0.974576 0.244081 0.157551 1.77132 
0.967423 0.236751 0.189909 1.76511 
0.964362 0.283003 0.161589 1.76005 
0.964584 0.294268 0.14018 1.75878 
0.969298 0.281259 0.14451 1.76597 
0.959986 0.315284 0.133176 1.7529 
0.955245 0.327875 0.128193 1.74512 
0.960883 0.325763 0.119568 1.75614 
0.965698 0.311842 0.121959 1.76335 
0.971141 0.283344 0.126476 1.76737 
0.971679 0.261077 0.133837 1.76779 
0.961994 0.265942 0.176196 1.75457 
0.961661 0.247259 0.204248 1.75817 
0.959298 0.272643 0.188126 1.75399 
0.970922 0.247385 0.17362 1.77045 
0.984172 0.227836 0.149048 1.78973 
0.956263 0.266697 0.19726 1.74775 
0.972917 0.213393 0.190639 1.76987 
0.981946 0.192197 0.207402 1.79065 
0.940333 0.249694 0.214347 1.70931 
0.937611 0.308679 0.159855 1.7087 
0.974458 0.307668 0.109367 1.78069 
0.968648 0.320755 0.103947 1.77061 
0.972576 0.310032 0.101114 1.77581 
0.972124 0.30983 0.113616 1.77632 
0.975384 0.304551 0.086855 1.78059 
0.976171 0.29664 0.102394 1.78236 
0.976665 0.304252 0.0966287 1.78437 
0.98389 0.27616 0.103822 1.79097 
0.981305 0.290243 0.0929675 1.79038 
0.985566 0.281929 0.0920859 1.79684 
0.971541 0.304415 0.118864 1.77434 
0.973269 0.301878 0.120612 1.77714 
0.973769 0.301873 0.125582 1.77848 
0.973042 0.29839 0.13259 1.7762 
0.978679 0.282211 0.130475 1.78608 
0.97298 0.300125 0.136452 1.77715 
0.974079 0.292387 0.150228 1.77846 
0.978047 0.284638 0.144294 1.78504 
0.980668 0.236578 0.192622 1.78817 
0.950863 0.287214 0.170755 1.73055 
0.974428 0.28896 0.161039 1.77906 
0.98174 0.257709 0.181122 1.79135 
0.968911 0.29173 0.16594 1.76928 
0.977056 0.277034 0.165142 1.78273 
0.972687 0.30483 0.118948 1.7768 
0.970442 0.301588 0.120868 1.77087 
0.969544 0.303791 0.119992 1.76965 
0.979845 0.232052 0.121922 1.77642 
0.974061 0.260751 0.149501 1.77341 
0.943804 0.296477 0.1744 1.7257 
0.956818 0.307601 0.15329 1.74984 
0.960692 0.302878 0.143436 1.7531 
0.969775 0.277975 0.150869 1.7666 
0.956586 0.290415 0.166498 1.74807 
0.976698 0.282673 0.118019 1.77845 
0.983894 0.221057 0.104877 1.77917 
0.977577 0.265148 0.113054 1.77737 
0.977909 0.256405 0.101221 1.77546 
0.984083 0.240937 0.0735616 1.78183 
0.977958 0.253397 0.121172 1.77885 
0.994258 0.199694 0.0962068 1.8017 
0.989137 0.143564 0.210565 1.7993 
0.980151 0.157676 0.22683 1.78468 
0.986815 0.174609 0.183268 1.79628 
0.95886 0.172123 0.243507 1.7444 
0.982508 0.211832 0.161128 1.78841 
0.93539 0.322197 0.141 1.70535 
0.947895 0.320227 0.145477 1.73393 
0.962795 0.31681 0.124777 1.75852 
0.950274 0.342675 0.107936 1.73499 
0.957067 0.342172 0.0965252 1.75089 
0.972308 0.273035 0.133374 1.77041 
0.9336 0.301146 0.165986 1.6966 
0.946076 0.306492 0.164039 1.72999 
0.954723 0.299876 0.162322 1.74547 
0.952858 0.285525 0.181419 1.74367 
0.941818 0.293678 0.177942 1.71705 
0.944148 0.269735 0.199771 1.72017 
0.99553 0.185283 0.124139 1.81539 
0.956924 0.231523 0.224044 1.74665 
1.01071 0.138172 0.106457 1.83193 
1.01096 0.106287 0.140698 1.83054 
1.00455 0.098101 0.180733 1.82363 
0.974449 0.188529 0.225271 1.7778 
0.990138 0.154582 0.183305 1.80012 
1.00819 0.11715 0.159307 1.83131 
1.01656 0.0740201 0.116431 1.84032 
0.997585 0.106032 0.206276 1.81306 
1.0134 0.0537986 0.138532 1.83489 
0.996885 0.0344364 0.203671 1.80733 
0.967912 0.14842 0.249848 1.75749 
1.00428 0.136644 0.122 1.82022 
1.01653 0.122981 0.0920922 1.83973 
1.01286 0.115068 0.12662 1.83558 
1.0183 0.0903462 0.10751 1.84407 
1.01659 0.0865254 0.0954258 1.83962 
1.02236 0.0651884 0.0765696 1.85278 
0.980462 0.0909294 0.236635 1.77603 
1.01531 0.106993 0.112029 1.83736 
0.995001 0.0773719 0.218535 1.80744 
1.01577 0.114423 0.0894497 1.83819 
1.01175 0.0576266 0.164311 1.83661 
1.0176 0.111653 0.102942 1.84185 
1.01345 0.123166 0.1012 1.83307 
1.01535 0.107188 0.0942581 1.83695 
1.01639 0.112548 0.0843355 1.84015 
1.01709 0.106392 0.083212 1.84183 
1.01986 0.0570175 0.102893 1.84801 
1.02164 0.0267133 0.114694 1.85327 
1.01821 0.0799669 0.133292 1.84554 
1.01816 0.0952432 0.0796263 1.84386 
1.01749 0.102364 0.0766058 1.8426 
1.00937 0.0238786 0.172353 1.83267 
1.0247 0.021773 0.0681563 1.85891 
1.01377 -0.0177767 0.120245 1.83595 
1.02312 0.0348909 0.0819814 1.85534 
1.0186 0.0374371 0.0990208 1.84475 
1.02087 0.00124455 0.107698 1.8514 
1.01077 -0.0124759 0.141683 1.83251 
1.0192 0.0669321 0.0889971 1.84565 
1.01835 0.101228 0.0754692 1.84492 
1.01736 0.0977087 0.0753937 1.84214 
1.01729 0.102117 0.078687 1.84215 
1.01695 0.101327 0.0854945 1.84128 
1.0171 0.101729 0.0769823 1.84169 
1.01895 0.0920081 0.0826705 1.84543 
1.01889 0.0933164 0.0901275 1.84556 
1.01757 0.105174 0.0791393 1.84293 
1.0141 0.11275 0.081201 1.83431 
1.01714 0.10515 0.076342 1.8419 
1.02079 0.108946 0.0638928 1.84848 
1.02228 0.119739 0.0488425 1.85063 
1.02292 0.0889719 0.0540732 1.85205 
1.01661 0.104536 0.074532 1.8409 
1.01978 0.0981592 0.0712104 1.84742 
1.01715 0.0991439 0.0812802 1.84166 
1.02259 0.0769387 0.0678969 1.85255 
1.01736 0.0996953 0.0919241 1.84215 
1.01814 0.0858629 0.0814169 1.84282 
1.01945 0.0791605 0.0892813 1.84637 
1.01889 0.104858 0.0691541 1.84475 
1.01671 0.116318 0.0724421 1.84161 
1.01785 0.117175 0.0759655 1.84371 
1.01785 0.135527 0.0679684 1.84496 
1.02088 0.133623 0.0579502 1.84965 
1.01854 0.12535 0.0683603 1.8459 
1.0165 0.151692 0.0665214 1.84263 
1.02357 0.0935547 0.0379349 1.85337 
1.02172 0.132657 0.0510732 1.85018 
1.02389 0.106318 0.0361422 1.85397 
1.02633 0.03334 0.0335924 1.8619 
1.02862 0.000226475 0.036756 1.86852 
1.01584 -0.010852 0.0786575 1.83792 
1.01623 0.10309 0.0783852 1.83921 
1.01643 0.173859 0.0553495 1.84307 
1.01967 0.121157 0.0633055 1.84703 
1.01613 0.166873 0.0753627 1.84235 
1.01451 0.164293 0.0709089 1.83803 
1.01657 0.1554 0.0727482 1.8425 
1.01634 0.139549 0.073786 1.84097 
1.01412 0.13946 0.0820423 1.83528 
1.01615 0.13448 0.0769701 1.83881 
1.01686 0.124416 0.0757384 1.84023 
1.01807 0.107926 0.072242 1.84448 
1.01616 0.10919 0.0777894 1.83932 
1.01667 0.102713 0.0769337 1.84043 
1.01598 0.106133 0.0790439 1.83869 
1.01519 0.107255 0.0807082 1.83684 
1.01411 0.113446 0.0865718 1.83483 
1.00413 0.129752 0.0998902 1.81598 
1.01385 0.121154 0.0799731 1.83345 
1.00833 0.119779 0.0962935 1.82511 
1.02739 0.0704088 0.0564559 1.86399 
1.02367 0.0949297 0.0464903 1.85379 
1.02158 0.0970917 0.0623669 1.84945 
1.02058 0.10613 0.0514479 1.84652 
1.02196 0.0624869 -0.000371156 1.85036 
1.02535 0.0403524 0.00553549 1.85912 
1.02624 0.0636358 0.0125241 1.86102 
1.02296 0.0643064 0.0351722 1.85242 
1.02436 0.0783045 0.0205536 1.85586 
1.02572 0.0938255 0.0189383 1.85925 
1.02584 0.118357 0.0266771 1.85872 
1.02274 0.105383 0.00488081 1.85169 
1.02445 0.0783246 0.0566338 1.85616 
1.02056 0.0942586 0.0694686 1.84811 
1.02204 0.106064 0.0595922 1.85046 
1.02379 0.0787216 0.0322213 1.85415 
1.02171 0.086627 0.0730835 1.85087 
1.02549 0.0551548 0.0519387 1.85964 
1.02234 0.0538506 0.0728157 1.85239 
1.02195 0.0587519 0.061714 1.85067 
1.02313 -0.000122683 0.0672657 1.85551 
1.01069 0.145968 0.0910681 1.82932 
1.01147 0.131402 0.0895017 1.83075 
1.00816 0.163103 0.0876906 1.82607 
1.01061 0.174402 0.0813452 1.83118 
1.02393 0.0368354 0.049675 1.85606 
1.02183 0.0665702 0.0466903 1.85014 
1.02486 0.0196916 0.026386 1.85836 
1.02541 0.0484138 0.0279228 1.85887 
1.02563 0.0492651 0.0168527 1.85958 
1.02749 0.025059 0.00823152 1.86478 
1.01491 0.181694 0.0582114 1.84037 
1.02387 0.120119 -0.0046184 1.85522 
1.02061 0.135075 -0.00474626 1.85062 
1.02228 0.126668 -0.00986503 1.85401 
1.02558 0.126214 0.00424665 1.85962 
1.02631 0.109384 -0.00764581 1.86027 
1.02203 0.141308 0.0146249 1.85176 
1.023 0.125125 0.0348543 1.85169 
1.02352 0.118451 0.0418278 1.85301 
1.02181 0.139778 0.0433626 1.85048 
1.02087 0.150238 0.0422825 1.8501 
1.01821 0.166382 0.0424762 1.84581 
1.01881 0.163646 0.03462 1.84757 
1.02108 0.146927 0.00112184 1.85148 
1.00206 0.170596 0.0842505 1.81284 
1.02468 0.119306 0.0165423 1.85662 
1.0258 0.106762 0.0274684 1.85891 
1.02427 0.0755651 -0.00571331 1.8561 
1.02612 0.0486575 -0.00579969 1.86105 
1.01644 0.175743 0.037545 1.84235 
1.0188 0.167281 0.0230538 1.84728 
1.01986 0.154594 0.04977 1.84818 
1.0179 0.1627 0.0497332 1.84436 
1.02054 0.14763 0.0255188 1.84937 
1.01916 0.156982 0.011431 1.84724 
1.01911 0.163434 0.0100111 1.8478 
1.02013 0.156272 0.00681529 1.84965 
1.02287 0.135446 0.0359408 1.85206 
1.02237 0.0918041 0.00540128 1.85117 
1.02064 0.153973 0.0124846 1.85045 
1.02217 0.155169 0.0275037 1.85407 
1.01856 0.152385 0.0572357 1.84559 
1.02032 0.14422 0.0579263 1.84934 
1.01753 0.143114 0.0632284 1.84413 
1.01591 0.175773 0.0642488 1.84247 
1.01761 0.157408 0.062653 1.84534 
1.01749 0.150894 0.0716952 1.84512 
1.01662 0.176151 0.0500839 1.84351 
1.01596 0.177512 0.059257 1.8425 
1.01728 0.167841 0.0564807 1.84456 
1.01616 0.164395 0.0623063 1.8424 
1.01526 0.181472 0.0499643 1.84076 
1.02 0.140425 -0.00517133 1.84902 
1.00988 0.176226 0.0386449 1.8325 
1.01694 0.177466 0.0636337 1.84511 
1.01244 0.13098 0.0853044 1.83189 
1.01081 0.119214 0.0905122 1.82859 
1.01542 0.15831 0.0816613 1.84034 
1.01185 0.158653 0.0862675 1.83205 
1.00792 0.147702 0.0951698 1.82462 
1.01255 0.170191 0.0819501 1.83481 
1.0128 0.184515 0.0738242 1.83639 
1.0144 0.183586 0.071103 1.83957 
1.01539 0.151656 0.0802417 1.83963 
1.01445 0.184727 0.0616195 1.83971 
1.01307 0.190516 0.0654962 1.83745 
1.01529 0.183641 0.0548864 1.8413 
1.01655 0.174837 0.00436672 1.84389 
1.01615 0.177194 0.00433117 1.84312 
1.01647 0.174699 0.00279261 1.84366 
1.0189 0.148335 -0.00803024 1.8471 
1.0161 0.183659 0.024622 1.84192 
1.01756 0.173867 0.0312377 1.84489 
1.02021 0.155746 0.0338242 1.84966 
1.01685 0.173509 0.0439579 1.84333 
1.01617 0.183303 0.0316506 1.84223 
1.01579 0.184605 0.0408797 1.84194 
1.01528 0.18508 0.0466979 1.84104 
1.0129 0.198809 0.0383715 1.83761 
1.01312 0.199454 0.0323539 1.83786 
1.01429 0.190275 0.0343335 1.83993 
1.01363 0.194223 0.0404763 1.83882 
1.01463 0.19038 0.0482351 1.8403 
1.01118 0.206692 0.0425706 1.83511 
1.01657 0.176307 0.00586793 1.84407 
1.02185 0.141846 0.00794783 1.85204 
1.02301 0.125417 0.0131843 1.85298 
1.0232 0.134215 0.0167097 1.85357 
1.01804 0.168482 0.0114159 1.84636 
1.01743 0.175563 0.0144472 1.84515 
1.01661 0.176205 0.00953413 1.84367 
1.02252 0.135319 0.00228932 1.85362 
1.02109 0.147924 0.0196395 1.85054 
1.02168 0.138327 0.02634 1.85018 
1.02024 0.161094 0.0129799 1.85015 
1.01888 0.157378 0.0215229 1.84645 
1.01879 0.162045 0.0204048 1.84681 
1.0209 0.147927 0.00710311 1.85041 
1.0201 0.153377 0.0176535 1.84894 
1.02122 0.143176 -0.00950952 1.85239 
1.02024 0.152335 0.00160585 1.8499 
1.01908 0.153403 -0.00304193 1.84768 
1.01934 0.161233 0.00357315 1.8486 
1.01883 0.165353 0.00147654 1.84828 
1.01823 0.167889 0.00691003 1.84716 
1.01767 0.170378 0.00340345 1.84606 
1.01861 0.159933 -0.00359297 1.84706 
1.01828 0.157733 -0.00135569 1.84605 
1.01765 0.165304 -0.00213672 1.84563 
1.01842 0.164691 0.00388197 1.84712 
1.01739 0.1677 -0.000485929 1.84521 
1.0176 0.168013 0.00155816 1.84559 
1.0172 0.171922 0.00307666 1.84511 
1.01703 0.171548 0.00144411 1.84464 
1.01693 0.169465 -0.000438121 1.84426 
1.01613 0.177326 0.00564981 1.84305 
1.0166 0.173057 0.00133534 1.84369 
1.01564 0.180236 0.00463987 1.84224 
1.01546 0.182985 0.00870138 1.8418 
1.01572 0.179275 0.00619382 1.84233 
1.01599 0.182697 0.00926716 1.84299 
1.01511 0.186607 0.00891309 1.84145 
1.01507 0.184929 0.00737937 1.8413 
1.01522 0.184635 0.00801811 1.84152 
1.01515 0.183677 0.00682052 1.84137 
1.01601 0.185709 0.010275 1.84323 
1.01562 0.186297 0.0102488 1.84236 
1.01538 0.184358 0.00859402 1.84179 
1.0159 0.186827 0.0113717 1.84286 
1.01569 0.181879 0.00747423 1.84243 
1.01626 0.185868 0.0116784 1.84362 
1.015 0.188389 0.0100524 1.84122 
1.02035 0.153129 0.160341 1.8605 
1.01574 0.185299 0.0116362 1.8424 
1.01567 0.186013 0.0117613 1.84232 
1.01578 0.186112 0.0112527 1.84255 
1.0154 0.18185 0.00607412 1.84184 
1.01548 0.180812 0.00533523 1.84195 
1.01546 0.180617 0.00602364 1.84186 
1.01531 0.19062 0.0119604 1.84192 
1.01504 0.187798 0.00955615 1.84134 
1.01505 0.188586 0.0100407 1.84143 
1.01494 0.187533 0.00915509 1.84111 
1.01518 0.184375 0.00742935 1.84149 
1.01543 0.189956 0.00570031 1.84238 
1.01606 0.185979 0.0090374 1.84319 
1.01553 0.189322 0.00792782 1.8426 
1.01535 0.187788 0.0108384 1.84188 
1.01543 0.186672 0.0115747 1.84201 
1.01522 0.187879 0.0113733 1.84162 
1.01513 0.192412 0.0093404 1.84164 
1.01529 0.190901 0.00969349 1.84194 
1.01508 0.191246 0.0100245 1.84155 
1.01524 0.191916 0.0120871 1.84202 
1.01519 0.19383 0.0100559 1.84193 
1.0155 0.192732 0.0074801 1.84244 
1.01529 0.19133 0.00835606 1.84186 
1.01524 0.191772 0.0130179 1.84198 
1.01483 0.194507 0.0171613 1.84131 
1.0151 0.192261 0.0117883 1.84175 
1.01511 0.193484 0.0131145 1.84207 
1.01416 0.194997 0.0153198 1.83988 
1.01445 0.196085 0.0126225 1.84048 
1.01496 0.194397 0.0114801 1.84158 
1.01475 0.188452 0.00984834 1.84075 
1.0148 0.188669 0.0101105 1.84088 
1.01486 0.18849 0.00987687 1.84096 
1.01489 0.188859 0.0101791 1.8411 
1.0149 0.187838 0.00931564 1.84104 
1.01505 0.189313 0.0103938 1.84153 
1.0149 0.189731 0.0108091 1.84115 
1.01484 0.187419 0.00864905 1.84095 
1.01497 0.189999 0.0108044 1.84137 
1.01472 0.188088 0.00934873 1.8407 
1.01538 0.191662 0.00920213 1.84218 
1.00826 0.224375 0.00737828 1.83227 
1.01323 0.204921 0.0124192 1.83883 
1.00802 0.218752 0.0197741 1.83112 
1.01058 0.213632 0.00768942 1.83509 
1.00796 0.21498 0.0237994 1.83022 
1.02006 0.163678 0.00231421 1.84901 
1.0181 0.169282 0.00679862 1.84545 
1.01784 0.174901 0.00457829 1.84557 
1.01913 0.174828 -0.00267273 1.84779 
1.0038 0.238849 -0.0140954 1.82507 
1.00573 0.232269 -0.0299198 1.82708 
1.00575 0.22555 -0.043387 1.82735 
1.00873 0.221026 -0.0465627 1.83309 
1.00745 0.224833 -0.0476501 1.83067 
1.00419 0.219878 -0.0409375 1.82515 
1.00584 0.219807 -0.050566 1.82811 
1.01182 0.210686 -0.0394295 1.83803 
1.00934 0.227375 -0.0267838 1.83395 
1.00874 0.225621 -0.0375735 1.83324 
1.00774 0.229484 -0.0290431 1.83093 
1.00635 0.22903 -0.0363777 1.82813 
1.00995 0.222725 -0.0187142 1.83473 
1.0093 0.221663 -0.0280576 1.83263 
1.01255 0.216468 -0.0252869 1.83937 
1.01407 0.197388 -0.00172541 1.84034 
1.01585 0.18723 0.00697383 1.84324 
1.01708 0.185232 0.00103667 1.8443 
1.01762 0.179608 0.00756882 1.8454 
1.01728 0.181367 0.00529524 1.84499 
1.01802 0.178017 0.00538651 1.84625 
1.01735 0.1801 0.00439323 1.84487 
1.01886 0.171917 0.000452559 1.84693 
1.01809 0.177374 0.000618641 1.84598 
1.01896 0.178625 -0.00232684 1.84788 
1.01465 0.197119 0.00200407 1.84047 
1.01526 0.193567 0.00440456 1.8417 
1.01503 0.195846 0.00593672 1.84115 
1.01558 0.183597 0.00839795 1.84222 
1.01541 0.184086 0.00791879 1.84191 
1.01538 0.182769 0.00746991 1.84176 
1.01529 0.182405 0.00615293 1.84163 
1.0153 0.181289 0.00540677 1.84157 
1.01553 0.187642 0.0107182 1.84223 
1.01522 0.186901 0.00972078 1.84156 
1.0155 0.1838 0.00908248 1.84192 
1.01533 0.186039 0.00933482 1.84177 
1.01531 0.183083 0.00681246 1.84169 
1.015 0.190965 0.0103443 1.84137 
1.01515 0.192301 0.0105456 1.84186 
1.01497 0.192003 0.0100465 1.84133 
1.0151 0.191214 0.010639 1.84167 
1.01491 0.190338 0.0109625 1.84121 
1.01504 0.191511 0.0109248 1.84158 
1.01505 0.190906 0.0109484 1.84157 
1.01504 0.190619 0.0109242 1.84153 
1.01498 0.190065 0.0109437 1.84134 
1.01492 0.189917 0.0109227 1.8412 
1.01492 0.18935 0.0110165 1.84114 
1.01482 0.189073 0.0106714 1.84095 
1.0149 0.189424 0.0107846 1.84115 
1.01481 0.189016 0.0108649 1.84091 
1.01482 0.18895 0.0106837 1.84092 
1.01505 0.190909 0.011177 1.84151 
1.01524 0.190503 0.0112385 1.84187 
1.01496 0.19027 0.0109122 1.84137 
1.01532 0.185487 0.0086653 1.84179 
1.01512 0.187039 0.00942837 1.84148 
1.01515 0.185882 0.00854876 1.84146 
1.01585 0.189616 0.0133232 1.84271 
1.01575 0.189804 0.0159913 1.84248 
1.01563 0.191314 0.0139291 1.84259 
1.01504 0.192226 0.0128346 1.84168 
1.01496 0.193561 0.0114634 1.84156 
1.01502 0.193103 0.0119031 1.84175 
1.01493 0.194566 0.0120326 1.84161 
1.01486 0.193662 0.01247 1.84145 
1.01441 0.197997 0.0116176 1.84045 
1.01473 0.198126 0.00973157 1.84083 
1.01503 0.192999 0.0106358 1.84158 
1.01501 0.192073 0.0112031 1.84153 
1.01531 0.191097 0.011654 1.842 
1.01526 0.189331 0.0110006 1.84181 
1.01547 0.189184 0.0116795 1.84202 
1.01537 0.190478 0.0116713 1.84207 
1.01515 0.191782 0.0114225 1.84186 
1.01509 0.191531 0.0110315 1.84171 
1.01497 0.190853 0.0109794 1.84139 
1.01505 0.190472 0.0110261 1.84144 
1.01519 0.189579 0.0109652 1.8417 
1.01515 0.189715 0.0106336 1.84166 
1.01522 0.188198 0.0102988 1.84167 
1.0152 0.189205 0.0106192 1.84172 
1.01535 0.187697 0.0103957 1.84188 
1.01504 0.18765 0.00965695 1.84132 
1.0149 0.187064 0.00830768 1.84104 
1.01512 0.185631 0.00797473 1.84145 
1.01501 0.186977 0.00874456 1.84129 
1.01499 0.186165 0.00782766 1.8412 
1.015 0.188313 0.00975287 1.84127 
1.01486 0.187798 0.00907083 1.84101 
1.01501 0.186758 0.00828946 1.84127 
1.0148 0.18833 0.00969733 1.84086 
1.01489 0.189251 0.0109179 1.8411 
1.01477 0.188772 0.0103287 1.8408 
1.01489 0.189501 0.0108516 1.84112 
1.01484 0.188987 0.0105045 1.841 
1.01482 0.18935 0.0106367 1.84097 
1.01485 0.188914 0.010317 1.841 
1.01502 0.190353 0.0108635 1.84151 
1.01499 0.189877 0.0107951 1.84141 
1.0149 0.189358 0.0106283 1.84116 
1.01489 0.1894 0.0104476 1.84119 
1.01513 0.19071 0.0110305 1.84175 
1.01478 0.188743 0.0102846 1.84082 
1.01477 0.188821 0.0105498 1.84079 
1.01494 0.189156 0.0111055 1.84119 
1.015 0.189395 0.0109485 1.84132 
1.01492 0.188809 0.0112718 1.84106 
1.0148 0.188969 0.0110027 1.84088 
1.01488 0.18888 0.0112495 1.84101 
1.01029 0.201922 -0.0694626 1.83614 
1.01382 0.191002 -0.0753486 1.84388 
1.01304 0.194821 -0.0728307 1.84122 
1.01435 0.186146 -0.0733865 1.84385 
1.01482 0.182859 -0.067983 1.84421 
1.01503 0.190213 0.010683 1.84144 
1.01495 0.188506 0.0114245 1.84114 
1.01494 0.188666 0.0113918 1.8411 
1.01486 0.188956 0.0111562 1.841 
1.01501 0.188902 0.0110923 1.8413 
1.01498 0.189763 0.0108312 1.84129 
1.01518 0.190361 0.0103757 1.84176 
1.01531 0.183724 -0.0644447 1.84511 
1.01505 0.187937 0.0116537 1.84129 
1.01499 0.188293 0.0115887 1.84122 
1.01514 0.189059 0.0108425 1.84154 
1.01503 0.188605 0.0112594 1.84132 
1.01494 0.189146 0.0111097 1.84118 
1.015 0.189227 0.010959 1.8413 
1.01494 0.188909 0.0111864 1.84113 
1.01629 0.175042 -0.0671468 1.84685 
1.01574 0.173943 -0.0637062 1.84526 
1.01646 0.179096 -0.0621279 1.84734 
1.01552 0.189973 0.00850031 1.8424 
1.01556 0.187999 0.00841266 1.84241 
1.01578 0.186968 0.00797249 1.84294 
1.01569 0.186306 0.0100441 1.84234 
1.01524 0.188208 0.0111635 1.84166 
1.01561 0.18805 0.00969075 1.84236 
1.01531 0.18722 0.0110904 1.84181 
1.01542 0.187916 0.0104107 1.84202 
1.01556 0.186603 0.0109734 1.84214 
1.01559 0.187649 0.0102231 1.8423 
1.01549 0.187585 0.00912984 1.84203 
1.0158 0.186524 0.0093949 1.84264 
1.01595 0.185061 0.00925798 1.84284 
1.0161 0.184889 0.0106612 1.84324 
1.01543 0.186806 0.011178 1.84206 
1.01566 0.185581 0.0111656 1.84222 
1.01531 0.190103 0.00986074 1.84194 
1.01534 0.188279 0.0109919 1.84188 
1.01514 0.188606 0.0110748 1.84152 
1.0153 0.189192 0.0105121 1.84188 
1.01521 0.189769 0.010337 1.84172 
1.01574 0.187004 0.0104596 1.84256 
1.0153 0.188543 0.0101752 1.8418 
1.01549 0.18877 0.00963808 1.84221 
1.01505 0.188437 0.0112677 1.84133 
1.01541 0.18882 0.0105555 1.84212 
1.01533 0.189617 0.00936088 1.84188 
1.01528 0.187212 0.0114318 1.84174 
1.01507 0.188088 0.011453 1.84135 
1.01517 0.187651 0.0118425 1.84154 
1.01504 0.188095 0.0117184 1.8413 
1.01836 0.166829 -0.0517371 1.84932 
1.01713 0.170084 -0.0626119 1.84775 
1.01777 0.162797 -0.0596963 1.84821 
1.02127 0.142964 -0.0485348 1.85506 
1.02136 0.156755 -0.0143215 1.8519 
1.02069 0.151858 -0.0438971 1.85291 
1.0208 0.155626 -0.0384266 1.85277 
1.01889 0.161485 -0.0447705 1.84899 
1.01602 0.180671 -0.0587989 1.84569 
1.01289 0.201216 -0.0400138 1.83876 
1.01391 0.190685 -0.0682922 1.84248 
1.01781 0.167969 -0.0588924 1.84854 
1.01816 0.172015 -0.0562925 1.84922 
1.01755 0.170885 -0.0525016 1.84736 
1.01834 0.182757 -0.0452634 1.84894 
1.0171 0.179458 -0.052359 1.84664 
1.01743 0.177582 -0.0454022 1.84655 
1.01953 0.173711 -0.0381642 1.85074 
1.01567 0.183647 -0.0497346 1.84312 
1.01611 0.193026 -0.017401 1.84347 
1.01506 0.192028 -0.00926213 1.84189 
1.01529 0.198081 -0.014137 1.843 
1.01937 0.163707 -0.0136058 1.84755 
1.01971 0.16277 -0.0272857 1.84964 
1.02111 0.157652 -0.0286208 1.85272 
1.0244 0.136778 -0.00822182 1.85892 
1.01342 0.20438 -0.0297907 1.84024 
1.01485 0.199727 -0.0341633 1.84231 
1.0123 0.212954 -0.0356365 1.8395 
1.01162 0.204344 -0.0425472 1.83687 
1.01508 0.194514 -0.0433163 1.8429 
1.01527 0.178297 -0.0691199 1.84478 
1.01487 0.18622 -0.0562982 1.84298 
1.01658 0.177602 -0.0559362 1.84576 
1.01531 0.187253 -0.0510134 1.84325 
1.01395 0.185739 -0.0697342 1.84248 
1.01459 0.187892 -0.0625531 1.84308 
1.01404 0.191468 -0.064443 1.84247 
1.01537 0.186939 0.011709 1.84193 
1.01523 0.18745 0.0118285 1.84165 
1.0153 0.187542 0.0115449 1.8418 
1.01986 0.155509 -0.0516139 1.85221 
1.01761 0.183633 -0.00498356 1.84468 
1.01835 0.160011 -0.056745 1.84936 
1.01967 0.154489 -0.0576807 1.85215 
1.01871 0.16098 -0.0534388 1.85016 
1.0202 0.155377 -0.047447 1.8522 
1.0184 0.168074 -0.0468133 1.84891 
1.01523 0.187143 0.0119766 1.84162 
1.0202 0.146429 -0.0537542 1.85283 
1.01551 0.18633 0.0118528 1.8421 
1.02112 0.135423 -0.0488486 1.85465 
1.01657 0.187011 0.00452385 1.84403 
1.01506 0.18896 0.00687922 1.84158 
1.01572 0.188981 0.00431144 1.84239 
1.01609 0.183076 0.0100254 1.84302 
1.01643 0.185131 0.00862596 1.84401 
1.01642 0.182958 0.0094575 1.84375 
1.01673 0.179805 0.0109457 1.84417 
1.01619 0.183352 0.0116048 1.84316 
1.01592 0.184469 0.0116626 1.84275 
1.01605 0.18392 0.0119382 1.84299 
1.01586 0.18487 0.0119042 1.84265 
1.02306 0.118741 -0.0445156 1.85926 
1.01619 0.183476 0.0109837 1.8432 
1.03024 0.0939295 -0.031612 1.87592 
1.02381 0.117832 -0.0251455 1.86005 
1.02182 0.147482 -0.0236711 1.85375 
1.02235 0.154833 -0.0216631 1.8551 
1.02143 0.154634 -0.0330701 1.85378 
1.02269 0.141024 -0.0372695 1.85747 
1.02278 0.12902 -0.0434359 1.85853 
1.02282 0.132141 -0.0366912 1.85774 
1.02103 0.145466 -0.0438242 1.85408 
1.01606 0.184076 0.0107674 1.84304 
1.01652 0.181333 0.0119532 1.84372 
1.02751 0.123351 0.00349213 1.86625 
1.02222 0.137891 -0.0209358 1.85453 
1.02855 0.112287 -0.00611376 1.87113 
1.02543 0.110449 -0.03664 1.86454 
1.02432 0.09181 -0.00793672 1.8606 
1.01677 0.179425 0.010436 1.8443 
1.01784 0.175927 0.0112975 1.84598 
1.01717 0.17718 0.0123535 1.84484 
1.01667 0.180711 0.0117303 1.84403 
1.01515 0.192048 0.00581154 1.84161 
1.0159 0.184391 0.0103942 1.84274 
1.016 0.184131 0.00989838 1.84294 
1.01653 0.181849 0.00962523 1.84388 
1.01642 0.182208 0.0108269 1.84362 
1.01631 0.18271 0.0119031 1.84336 
1.01623 0.182948 0.0105303 1.84329 
1.01638 0.182074 0.011563 1.84349 
1.01566 0.185649 0.0119513 1.84225 
1.01579 0.185422 0.0105272 1.84251 
1.01585 0.184521 0.0111528 1.8426 
1.01751 0.176602 0.00977832 1.84506 
1.01809 0.175033 0.0122558 1.84611 
1.01717 0.178597 0.0107858 1.84505 
1.01728 0.17796 0.0105289 1.84491 
1.01729 0.177638 0.0117529 1.84506 
1.01656 0.181364 0.00903873 1.84404 
1.01765 0.178034 0.00958433 1.84553 
1.01746 0.177299 0.0111426 1.84536 
1.01693 0.178716 0.012085 1.84448 
1.01675 0.180737 0.0108552 1.84425 
1.01682 0.179465 0.011687 1.84435 
1.01666 0.180036 0.0120902 1.84398 
1.0212 0.0932405 0.0450414 1.85354 
1.02035 0.151379 0.0087573 1.84826 
1.0231 0.148239 0.0213779 1.85496 
1.02012 0.164079 0.0132045 1.84894 
1.02281 0.127981 -0.0282267 1.85674 
1.02425 0.0777229 0.0019099 1.86084 
1.03221 0.0793178 0.089277 1.88906 
1.0184 0.170037 0.0473216 1.84517 
1.01713 0.178282 0.0116624 1.84485 
1.01933 0.18983 0.0244442 1.84739 
1.01959 0.174135 0.0246138 1.84862 
1.01768 0.179585 0.016843 1.84454 
1.01702 0.177128 0.0154912 1.84336 
1.02158 0.154857 -0.00744717 1.85194 
1.02394 0.147046 -0.00296114 1.85731 
1.02125 0.133316 0.0246386 1.84975 
1.01986 0.158216 0.0289091 1.84809 
1.02025 0.168438 0.00294704 1.85006 
1.02129 0.160226 0.00851364 1.85147 
1.01785 0.17403 0.00913565 1.84544 
1.01935 0.168417 0.010241 1.84838 
1.01836 0.171626 0.012424 1.84652 
1.00785 0.151375 0.132639 1.8394 
0.974639 0.202634 0.150086 1.76954 
1.01646 0.154367 0.0642198 1.84174 
1.01816 0.172416 0.0152856 1.84608 
1.02376 0.12782 0.0482244 1.85624 
1.01639 0.166695 0.0325799 1.84025 
1.01957 0.164585 0.0200569 1.84786 
1.01744 0.176267 0.0136103 1.84514 
1.01728 0.181304 0.0220841 1.84293 
1.01233 0.188876 0.0434688 1.83162 
0.955617 0.281509 0.0898826 1.73755 
0.97495 0.260142 0.118783 1.7769 
0.996069 0.24956 0.0664456 1.81505 
0.987647 0.231388 0.0188574 1.79625 
0.997197 0.208695 0.0106037 1.8134 
1.00652 0.201712 0.0543997 1.82921 
1.01182 0.167144 0.0921733 1.84361 
0.989713 0.247449 0.0863283 1.80415 
0.961572 0.297877 0.00686247 1.75155 
0.98063 0.252861 0.0477167 1.78218 
0.943872 0.27951 -0.0532669 1.70619 
0.936568 0.295596 -0.00385165 1.6991 
0.944499 0.29278 -0.0304118 1.71546 
0.973727 0.272815 0.0366935 1.76973 
0.968295 0.291775 0.037395 1.76697 
0.967708 0.294185 -0.0285415 1.76076 
0.982679 0.256545 -0.0227008 1.7842 
0.982989 0.256505 -0.0151994 1.78572 
0.981496 0.268044 -0.0237327 1.78339 
0.96042 0.294866 0.0473815 1.75289 
0.98142 0.248243 -0.00102846 1.78185 
0.984991 0.24996 -0.0140848 1.79018 
0.984318 0.20904 -0.0285595 1.78289 
0.985703 0.237356 -0.0238727 1.78965 
0.983538 0.24048 -0.0318457 1.78431 
1.00077 0.200524 0.0840285 1.82379 
1.00592 0.216412 0.0412239 1.83081 
0.990955 0.236005 -0.000239828 1.80384 
0.984496 0.228642 -0.0217423 1.78582 
0.985753 0.222347 -0.0300859 1.78812 
1.01597 0.178119 0.00461247 1.84276 
1.01577 0.179608 0.00469142 1.84245 
1.01601 0.178742 0.00403726 1.84293 
1.01592 0.178596 0.005748 1.8427 
1.0168 0.179345 0.011734 1.8442 
1.01658 0.176016 0.00724835 1.84406 
1.01722 0.173856 0.00747747 1.84537 
1.01546 0.182088 0.00682041 1.84197 
1.01571 0.181581 0.00687057 1.84252 
0.999937 0.247668 0.0348416 1.81684 
0.968196 0.275773 0.0713195 1.7503 
0.973849 0.264575 0.0598437 1.76147 
0.972489 0.271486 0.0964016 1.76506 
0.969254 0.302381 0.12613 1.76834 
0.965223 0.293845 0.10556 1.74964 
0.964869 0.287802 0.0951205 1.74608 
0.965786 0.300949 0.122148 1.76093 
0.962821 0.300597 0.129322 1.75532 
0.959727 0.29691 0.112635 1.74102 
0.990229 0.252867 0.139113 1.80585 
0.999798 0.248176 0.0349318 1.81656 
0.999902 0.247822 0.0351738 1.81678 
1.00104 0.244115 0.0363225 1.81887 
1.00011 0.246884 0.0373758 1.81703 
1.00013 0.245793 0.0365339 1.81687 
0.999926 0.248392 0.0358418 1.81689 
1.00031 0.246678 0.0344168 1.81762 
1.00014 0.247162 0.0355617 1.81726 
1.00011 0.247217 0.0351035 1.81718 
0.999151 0.249821 0.0348246 1.8153 
0.999893 0.247662 0.0349674 1.81674 
1.00015 0.247227 0.0346149 1.81729 
1.00012 0.247442 0.0349504 1.81725 
1.00007 0.247446 0.0348213 1.81713 
0.987131 0.276022 0.0976736 1.79897 
0.979645 0.290538 0.100662 1.78861 
0.990418 0.265084 0.0908097 1.80526 
0.981412 0.282402 0.114797 1.79105 
0.987673 0.270363 0.106659 1.79993 
0.987122 0.266046 0.110574 1.79897 
0.976932 0.294944 0.11555 1.78387 
0.990611 0.269926 0.0584172 1.80205 
0.994586 0.263659 0.0696912 1.81014 
0.985284 0.282553 0.0704823 1.79388 
0.984479 0.289756 0.0660672 1.79374 
0.987729 0.281476 0.0534347 1.79919 
0.983672 0.288848 0.055696 1.79108 
0.981495 0.297277 0.0701839 1.78873 
0.964079 0.341659 0.0436686 1.76228 
0.965362 0.33453 0.0298659 1.76156 
0.971314 0.326677 0.0494833 1.77568 
0.967379 0.333022 0.0339324 1.76625 
0.970295 0.325348 0.0346953 1.77067 
0.97613 0.311298 0.0504562 1.77894 
0.966662 0.334293 0.0594103 1.76597 
0.967821 0.333115 0.050698 1.76863 
0.976498 0.314293 0.0775041 1.78465 
0.968081 0.331634 0.0786474 1.76838 
0.975648 0.312772 0.0687192 1.78166 
0.996643 0.261968 0.0286744 1.81064 
0.978515 0.287778 0.117686 1.78535 
0.983391 0.294719 0.0789962 1.79329 
0.98699 0.283691 0.0797764 1.79884 
1.00653 0.223955 0.0218306 1.82822 
1.00951 0.215914 0.029332 1.83339 
1.00635 0.221819 0.0316968 1.82746 
1.002 0.244578 0.0304969 1.82121 
1.0026 0.239839 0.0357138 1.82136 
1.00372 0.233899 0.0369124 1.82262 
1.00257 0.238404 0.0420234 1.8218 
1.00085 0.240526 0.0462464 1.81827 
1.00084 0.24293 0.0407517 1.81831 
1.00064 0.243967 0.0387598 1.81794 
1.0001 0.246673 0.0385344 1.81707 
0.999867 0.248593 0.0366182 1.81673 
0.999181 0.250149 0.0363758 1.81552 
0.999921 0.247737 0.0355705 1.81683 
0.998611 0.250905 0.0370539 1.81477 
1.0002 0.247373 0.0344815 1.81745 
1.00025 0.247468 0.0343011 1.81762 
1.00043 0.246123 0.034664 1.81783 
1.00111 0.24409 0.0345107 1.81905 
1.00021 0.247009 0.0347468 1.81742 
0.999451 0.249481 0.0389525 1.81631 
1.00089 0.242986 0.0372605 1.81838 
1.00343 0.239453 0.0293687 1.82285 
1.00372 0.237086 0.0347961 1.82323 
1.0026 0.240465 0.0325705 1.82138 
0.982332 0.267509 0.138326 1.79189 
0.981474 0.269371 0.155847 1.79066 
0.979836 0.287091 0.125067 1.78912 
0.979173 0.287225 0.137123 1.78819 
0.976266 0.294623 0.132392 1.78247 
0.981832 0.274456 0.129474 1.79203 
0.975166 0.298339 0.119033 1.78072 
0.977323 0.298024 0.110814 1.78546 
0.981496 0.28214 0.107189 1.79086 
1.00638 0.229559 0.0203527 1.8284 
1.00739 0.223992 0.0119291 1.83016 
1.00803 0.218395 0.0147728 1.83099 
1.01309 0.195459 0.0236195 1.83752 
1.01312 0.200641 0.0189163 1.83782 
1.01127 0.211341 0.0219222 1.83655 
1.01167 0.20859 0.00567475 1.83613 
1.01144 0.210353 0.0174831 1.83651 
1.0104 0.21414 0.0127983 1.83548 
1.01403 0.202408 0.0118039 1.83954 
1.01163 0.20534 0.00768367 1.83554 
1.01184 0.207663 0.00091405 1.83627 
1.01398 0.203766 -0.000660299 1.84112 
1.01519 0.194114 0.00821147 1.84175 
1.01485 0.20087 0.00936119 1.841 
1.01542 0.198389 0.00452191 1.84198 
1.00907 0.215672 0.0439489 1.83163 
1.00214 0.232053 0.0788529 1.82346 
1.0073 0.222456 0.0695223 1.8284 
1.0041 0.230648 0.0583094 1.82586 
1.00728 0.221273 0.0593727 1.82842 
1.00554 0.222901 0.0886091 1.8271 
1.01045 0.204403 0.0762154 1.8326 
1.01228 0.198125 0.0716908 1.8366 
1.01317 0.193422 0.0605313 1.83793 
1.0143 0.183316 0.0663004 1.84044 
1.01303 0.189661 0.0698811 1.83759 
1.016 0.180063 0.0659769 1.843 
1.01559 0.172928 0.0852498 1.84168 
0.995277 0.24332 0.083126 1.81245 
1.01291 0.194531 0.0658827 1.83781 
1.00993 0.202749 0.0726474 1.83129 
1.01007 0.205689 0.0695923 1.8322 
1.00846 0.216482 0.0778902 1.82963 
1.00928 0.210011 0.0832146 1.83125 
1.00777 0.215995 0.0839349 1.8285 
1.00913 0.206045 0.0874553 1.83079 
1.01318 0.196662 0.0808362 1.83752 
1.00493 0.200964 0.125321 1.82559 
1.00459 0.20824 0.116216 1.82569 
1.01056 0.196073 0.104513 1.83372 
1.01205 0.190278 0.0935386 1.83517 
1.00934 0.189227 0.121962 1.83288 
1.01303 0.177555 0.105352 1.83668 
1.02059 0.139389 0.0924053 1.85318 
1.0119 0.180332 0.0948432 1.83378 
1.01262 0.197144 0.0853953 1.83652 
1.01125 0.200908 0.0847407 1.83391 
1.01088 0.200555 0.0794251 1.83236 
1.01301 0.188813 0.0666983 1.83717 
1.01419 0.186068 0.0664288 1.83941 
1.01431 0.183881 0.0642182 1.83922 
1.01422 0.179549 0.0705066 1.83867 
1.01419 0.185003 0.0693307 1.83894 
1.01377 0.187722 0.0701664 1.83794 
1.01255 0.193243 0.0773009 1.83634 
1.01186 0.191939 0.0879127 1.83418 
1.01219 0.193704 0.0731351 1.8362 
1.01865 0.0729332 0.110551 1.85746 
1.01553 0.159076 0.0797957 1.83991 
1.02034 0.165642 0.0611014 1.85275 
1.00292 0.221696 0.0948428 1.82275 
1.01182 0.202446 0.0495948 1.83596 
1.01112 0.19917 0.0613864 1.83405 
1.01078 0.206102 0.0528422 1.83425 
1.00854 0.212809 0.0706226 1.82949 
1.00971 0.215034 0.0557857 1.83274 
1.00943 0.214008 0.0608136 1.8321 
1.00701 0.219551 0.0551378 1.82678 
0.984778 0.259976 0.136586 1.79463 
0.984415 0.258276 0.157106 1.79454 
0.982629 0.272149 0.147115 1.79356 
0.977754 0.294056 0.125933 1.78543 
0.985046 0.254308 0.166781 1.79637 
0.974555 0.233436 0.210419 1.77962 
0.963272 0.275283 0.186505 1.75906 
0.97479 0.271334 0.178277 1.77765 
0.959074 0.298506 0.125461 1.74482 
0.970595 0.297848 0.144664 1.7721 
0.963674 0.29718 0.154885 1.75888 
0.989921 0.184964 0.210382 1.80159 
0.960811 0.248236 0.204431 1.75004 
0.989215 0.212689 0.185447 1.80145 
0.991407 0.23514 0.162249 1.80752 
0.970793 0.278851 0.178891 1.77385 
0.953517 0.297454 0.138822 1.73418 
0.965743 0.299659 0.143667 1.76276 
0.957041 0.295874 0.153542 1.74448 
0.99836 0.233102 0.119918 1.81984 
0.998379 0.22158 0.134665 1.81879 
0.993834 0.239316 0.128045 1.81102 
1.00018 0.247637 0.0344432 1.81742 
1.00007 0.24768 0.0344504 1.81724 
1.00007 0.247568 0.0328577 1.81732 
1.00228 0.232151 0.054805 1.8213 
1.00096 0.238979 0.054898 1.81825 
1.00223 0.234907 0.0492755 1.82069 
1.00697 0.225242 0.0512702 1.82782 
0.999991 0.24259 0.0563818 1.81763 
1.00935 0.211417 0.0514867 1.8316 
1.01078 0.204352 0.0660995 1.83382 
1.00021 0.247396 0.0340613 1.81753 
1.00084 0.245512 0.0340809 1.81873 
1.00026 0.246461 0.0357094 1.81737 
1.00108 0.141799 0.209899 1.82237 
0.997643 0.233766 0.112364 1.81687 
0.991256 0.246526 0.128849 1.80653 
0.990414 0.250517 0.121808 1.80492 
1.01262 0.130806 0.17163 1.8446 
1.00849 0.159865 0.13039 1.82728 
1.0217 0.113427 0.0849525 1.86279 
1.01971 0.0817898 0.148259 1.86166 
0.99465 0.216247 0.166097 1.81141 
1.0067 0.204791 0.0926319 1.82608 
