0.948935 0.553011 0.0938694 1.82537 
1.00255 0.491788 0.0675693 1.91499 
1.00171 0.490663 0.0555831 1.91316 
1.0583 0.386019 0.0828499 2.00722 
0.976879 0.0887234 0.475486 1.86394 
1.06145 0.332095 0.185101 2.00978 
1.04243 0.0637162 0.38475 1.98115 
1.00098 0.49369 0.0715283 1.91246 
1.08578 0.286415 0.105589 2.04719 
1.00196 0.492022 0.0714962 1.91396 
1.00322 0.490061 0.0732114 1.91613 
0.853955 0.432365 0.315175 1.62452 
0.997768 0.498563 0.0641435 1.90674 
1.12529 0.0575063 0.0488103 2.11648 
1.00118 0.493369 0.0710489 1.91275 
1.0119 0.468806 0.000731018 1.93161 
0.92013 0.455349 -0.0687339 1.73396 
1.00169 0.492646 0.0710109 1.9136 
1.05917 0.390731 0.0425511 2.00875 
0.999402 0.494449 0.097671 1.9113 
1.11268 0.186825 0.010916 2.09953 
0.991679 0.463584 0.20627 1.89557 
1.08015 0.253058 0.190902 2.03808 
1.00065 0.494653 0.0693117 1.91199 
0.859591 0.620462 0.106882 1.67592 
0.997525 0.498672 0.0781995 1.90724 
1.00596 0.486715 0.0651248 1.92047 
0.998862 0.49734 0.0670222 1.90891 
1.06973 0.368462 0.0268745 2.02684 
1.00536 0.488064 0.0641577 1.91966 
0.866116 0.548578 0.304984 1.69296 
1.00391 0.464538 0.17821 1.91894 
1.04753 0.408001 0.0661457 1.98739 
1.04064 0.435319 -0.0415916 1.98058 
1.114 0.133579 0.124813 2.09278 
0.998967 0.496808 0.0680958 1.90899 
0.991948 0.497534 0.126895 1.89854 
0.982239 0.512793 0.097 1.88014 
1.04449 0.418179 0.0498847 1.98302 
0.734348 0.545804 0.302774 1.43317 
0.949696 0.494232 0.246972 1.82278 
1.04189 0.384267 0.194204 1.98041 
1.00781 0.473939 0.116789 1.92352 
1.06082 0.309532 0.201124 2.00677 
1.00351 0.492906 0.05732 1.91692 
1.07632 0.26684 0.192579 2.03179 
1.0732 0.361602 0.0708449 2.03369 
1.04913 0.364982 0.200294 1.99263 
1.0901 0.231456 0.174307 2.05552 
1.06739 0.322512 0.176444 2.01957 
0.969248 0.538661 0.0365826 1.86005 
1.06956 0.32741 0.179079 2.02562 
1.07317 0.308709 0.167895 2.02893 
1.00101 0.493454 0.0728327 1.91251 
1.03212 0.429071 0.122196 1.96327 
1.06337 0.382154 0.036582 2.01601 
0.99905 0.496575 0.0684435 1.90909 
1.05551 0.350878 0.18605 2.00105 
0.99938 0.495903 0.0711074 1.90973 
1.08253 0.331529 -0.00845256 2.04689 
1.00103 0.493861 0.0689167 1.91248 
1.07553 0.312454 0.121717 2.03014 
1.00013 0.495078 0.0705866 1.91105 
0.852089 0.52571 -0.178649 1.63725 
0.984478 0.497413 -0.0232138 1.87711 
1.02393 0.462169 -0.0393808 1.9519 
1.00077 0.494356 0.069252 1.91214 
1.00096 0.494857 0.0682911 1.91277 
1.01788 0.470399 0.0391652 1.94006 
1.04298 0.426619 -0.00987331 1.98177 
1.04576 0.348298 0.215987 1.98182 
1.00051 0.493969 0.0638963 1.91142 
0.955086 0.342659 -0.198199 1.79532 
1.06512 0.378746 -0.0110335 2.01864 
1.01834 0.466675 0.0619759 1.94058 
0.998184 0.497186 0.0621262 1.90716 
1.01462 0.467931 0.120664 1.93749 
1.06867 0.371965 0.0238301 2.02533 
1.07115 0.365317 0.0171965 2.02916 
0.9992 0.497311 0.066842 1.90959 
1.00087 0.493347 0.0752551 1.91231 
0.999716 0.495392 0.0699514 1.91019 
1.00363 0.490185 0.0672895 1.91676 
0.804691 0.461106 0.442485 1.58173 
1.06529 0.379025 0.0194311 2.01932 
1.02664 0.458736 -0.00318885 1.9557 
1.08423 0.256673 0.17309 2.04478 
1.05732 0.393797 0.0365237 2.00506 
0.998371 0.489629 0.0611684 1.90543 
0.998524 0.497494 0.06886 1.90833 
1.00024 0.494797 0.0705796 1.91118 
0.967624 0.330088 -0.144524 1.81169 
0.991053 0.509045 0.071394 1.8967 
1.00439 0.48689 0.084046 1.91822 
1.07224 0.361404 0.0129203 2.03054 
1.01351 0.477258 0.0491783 1.93321 
0.998816 0.496737 0.0697758 1.90871 
1.04132 0.308341 0.199087 1.96059 
1.00141 0.49336 0.0692884 1.91317 
1.08618 0.306284 0.0632985 2.05061 
1.12302 0.0481522 0.112437 2.11354 
1.06035 0.380196 -0.0996374 2.01236 
1.06541 0.379104 0.0220746 2.01967 
0.880953 0.501244 -0.0627252 1.66954 
0.999366 0.496369 0.0681618 1.90972 
1.06267 0.291725 0.219791 2.00606 
1.10379 0.230135 0.0992356 2.07891 
1.06622 0.377392 0.0217758 2.02106 
1.06728 0.333908 0.179439 2.02111 
0.912655 0.558246 0.212771 1.76755 
1.06421 0.381762 0.0208473 2.01752 
0.998931 0.495986 0.0682275 1.9085 
1.03283 0.408669 0.164441 1.96246 
0.999385 0.496364 0.0679708 1.90974 
0.800389 0.545321 0.236245 1.54078 
1.06461 0.379142 0.0106113 2.01754 
1.00006 0.493303 0.0643622 1.91033 
1.00324 0.490794 0.0664721 1.91608 
0.984763 0.515617 0.0775233 1.88578 
0.992478 0.504852 0.0481145 1.89681 
1.06122 0.374808 0.101151 2.0121 
1.06962 0.367902 0.0287135 2.02644 
0.997295 0.499534 0.0660623 1.90626 
1.05979 0.386882 -0.0697219 2.01054 
0.999606 0.495738 0.0714269 1.91021 
1.08367 0.270547 0.193792 2.0477 
0.977128 0.522154 0.0736415 1.87124 
0.961273 0.544362 0.0521338 1.84537 
0.998328 0.4892 0.0588933 1.90527 
1.05878 0.394823 0.0205817 2.00866 
1.07063 0.315615 0.163323 2.02423 
1.08473 0.291192 0.094244 2.04489 
1.06728 0.354088 -0.119585 2.02345 
1.11001 0.195122 -0.0411692 2.09241 
0.894839 0.475264 0.0618264 1.69057 
1.06486 0.379977 0.0226102 2.0186 
1.1119 0.153797 0.151292 2.09361 
1.0344 0.440178 0.014277 1.96623 
0.937963 0.37203 -0.191151 1.76286 
1.00033 0.494652 0.0703672 1.91132 
0.742392 0.560117 0.00917199 1.42433 
1.03932 0.408785 0.143151 1.97532 
0.937544 0.572087 0.0191817 1.80706 
0.470231 0.544416 0.0826438 0.956811 
0.856342 0.514667 -0.0514223 1.62467 
0.544063 0.606259 0.0925221 1.11428 
1.0013 0.494501 0.0638068 1.91305 
1.0008 0.494141 0.0698591 1.91214 
0.841653 0.563874 0.0540087 1.61971 
1.01185 0.47403 0.0844382 1.92997 
1.05314 0.394142 0.0877531 1.99777 
0.932656 0.45757 0.332513 1.79312 
1.03674 0.423611 0.0910447 1.96897 
0.933494 0.574583 0.0579838 1.80065 
0.773098 0.563688 0.280819 1.51037 
1.06758 0.365308 0.0271439 2.02053 
1.00279 0.488874 0.0821942 1.91524 
1.08897 0.304913 0.0552295 2.055 
1.04824 0.411162 -0.0896069 1.99303 
0.993642 0.477992 -0.00535854 1.88971 
1.01477 0.457903 0.115999 1.93276 
0.999794 0.494549 0.0676841 1.91021 
0.902521 0.462563 0.156239 1.69586 
1.05863 0.388729 0.068251 2.00668 
0.999599 0.49314 0.0657211 1.90935 
1.06488 0.379615 0.0218421 2.01852 
0.986198 0.51382 0.0856609 1.8889 
1.06264 0.340558 0.180993 2.01458 
1.00064 0.494804 0.0681154 1.91197 
1.00045 0.494637 0.0699976 1.91158 
1.06379 0.375157 -0.0824845 2.01724 
1.0138 0.475792 0.0599738 1.93374 
1.08166 0.315693 0.0710464 2.04232 
1.06209 0.386964 0.0173996 2.01407 
0.998511 0.497459 0.0684162 1.90825 
1.00136 0.49413 0.0610103 1.91325 
1.0421 0.422228 0.0426281 1.97841 
0.997131 0.500273 0.0648534 1.90617 
1.0615 0.384266 0.0410363 2.01219 
0.993125 0.505003 0.0561784 1.8985 
1.10591 0.0680755 0.240398 2.08763 
1.0867 0.270428 0.155784 2.0507 
1.06454 0.379565 0.0064583 2.01745 
0.713604 0.488379 0.418574 1.41964 
1.07536 0.320501 0.11265 2.03121 
0.999359 0.495842 0.070221 1.90959 
1.00118 0.493619 0.069502 1.91277 
1.10461 0.0949575 0.193383 2.07446 
1.08361 0.248996 0.180719 2.0438 
1.00096 0.495273 0.068404 1.91298 
0.997498 0.498742 0.0690408 1.90654 
1.0119 0.481092 0.0160878 1.93012 
1.06478 0.298931 0.203804 2.01352 
1.05159 0.394041 -0.124816 1.99858 
1.08767 0.305985 -0.00999139 2.0528 
1.0699 0.35765 0.0338373 2.02397 
1.07553 0.340381 0.0398974 2.03277 
0.997729 0.489157 0.058185 1.90349 
1.09531 0.28942 0.0333764 2.06637 
1.08017 0.316773 0.10142 2.04123 
1.06096 0.37572 0.0901059 2.0108 
0.88004 0.356585 0.48715 1.70887 
1.00066 0.494078 0.0729544 1.91201 
0.999016 0.496627 0.0683235 1.90903 
1.05418 0.404214 -0.0742301 2.00352 
1.07466 0.352555 0.0182328 2.03373 
1.06509 0.380661 0.0238687 2.0194 
1.04815 0.412105 -0.0590789 1.99071 
1.06586 0.37803 0.0212778 2.02039 
1.08959 0.24907 0.166094 2.05546 
1.00061 0.494939 0.0655436 1.91185 
1.0634 0.383197 0.0177886 2.01603 
1.06494 0.379811 0.0206516 2.01875 
1.04708 0.418222 0.0176679 1.98844 
1.08262 0.331172 0.0498034 2.04738 
0.997199 0.492095 0.0542161 1.90306 
0.917133 0.547163 -0.0483952 1.75866 
1.01776 0.474499 0.0272563 1.94106 
1.09838 0.273493 0.00588214 2.07095 
1.08519 0.322255 0.0239208 2.05076 
0.998683 0.49223 0.0617268 1.90691 
1.07123 0.353659 0.0345331 2.02603 
1.00219 0.492418 0.0677011 1.91445 
0.999508 0.495668 0.0702897 1.90986 
1.06663 0.371005 0.0484298 2.0207 
1.01288 0.474973 0.0632744 1.93134 
0.999121 0.496654 0.0676413 1.90922 
1.05815 0.385054 0.0722174 2.00574 
1.00135 0.489603 0.0533648 1.91181 
1.08218 0.331189 0.0163739 2.0457 
1.06526 0.378935 0.0176386 2.01916 
1.06432 0.382533 0.0230433 2.01812 
1.06846 0.37271 0.0109854 2.02492 
1.0014 0.492295 0.0744821 1.91299 
1.01594 0.266055 0.355161 1.92968 
0.999084 0.496232 0.072767 1.90931 
1.00016 0.495338 0.0675798 1.91108 
1.00203 0.493608 0.0611806 1.91416 
0.999797 0.493911 0.0666882 1.90995 
1.00041 0.494763 0.0695377 1.91151 
1.10029 0.256664 -0.0197011 2.0733 
1.08081 0.334825 0.0408139 2.0445 
1.08096 0.330368 -0.0810949 2.04594 
1.11045 0.125917 0.186531 2.11164 
0.999035 0.496747 0.068612 1.90916 
1.00101 0.493795 0.0699309 1.91247 
1.01482 0.475677 0.0343237 1.93491 
1.06252 0.384398 -0.0141027 2.01419 
1.0031 0.490494 0.0713653 1.91593 
1.06488 0.380083 0.0226051 2.0187 
1.11769 0.168468 0.0490764 2.10114 
1.00086 0.4945 0.0682483 1.91236 
1.00815 0.476327 0.10817 1.92449 
1.06586 0.37117 0.0269441 2.0182 
0.725542 0.580899 0.277258 1.43626 
1.0734 0.351021 0.0237805 2.0302 
1.07199 0.362105 -0.00581603 2.0301 
1.06645 0.37708 0.0240074 2.02155 
0.999745 0.495312 0.0698072 1.91021 
1.06705 0.367845 0.0340804 2.02022 
1.01594 0.464912 0.0991006 1.93692 
1.06548 0.375404 0.0440127 2.01916 
1.08103 0.212075 0.163804 2.03099 
0.998813 0.497201 0.0680072 1.90882 
1.00589 0.483644 0.0827336 1.92014 
1.11295 0.238695 0.0397007 2.09832 
1.00241 0.492126 0.0659504 1.91472 
0.998643 0.497018 0.0724568 1.90863 
1.00215 0.493333 0.0575008 1.91453 
0.99919 0.496062 0.0734822 1.90953 
1.06356 0.381182 0.0241234 2.01587 
1.06914 0.370928 0.0236574 2.02613 
1.06851 0.363632 0.0458041 2.02281 
1.06732 0.323241 0.179773 2.01932 
1.00008 0.495104 0.0703436 1.91095 
0.987721 0.501759 0.116804 1.88951 
1.08166 0.328313 -0.0646563 2.04562 
0.999239 0.485744 0.0529457 1.90614 
1.06524 0.307425 0.10225 2.0122 
1.00023 0.495257 0.0676285 1.91134 
0.964042 0.544811 0.00370245 1.85131 
1.06972 0.368025 0.020838 2.02656 
1.06907 0.360282 -0.0799976 2.02529 
0.999085 0.496502 0.068922 1.90917 
1.07729 0.240378 0.21302 2.0318 
1.06432 0.3803 0.022938 2.01739 
0.969113 0.538496 0.0755056 1.86165 
0.927176 0.410629 0.135932 1.73207 
0.693095 0.480454 0.349509 1.38009 
0.866367 0.609725 0.150963 1.68913 
0.989646 0.507159 0.0133956 1.89041 
1.01866 0.456904 0.108109 1.9408 
0.999607 0.495663 0.0706413 1.91012 
1.00236 0.491914 0.0700232 1.91477 
1.08067 0.124095 0.318673 2.04756 
1.06442 0.380206 0.0232148 2.01762 
0.922505 0.542671 -0.0392635 1.7679 
1.10741 -0.00517581 0.227501 2.09351 
0.868141 0.429964 0.296526 1.64816 
1.00475 0.490732 0.0524808 1.91887 
1.00041 0.495489 0.0677037 1.91171 
1.00278 0.490907 0.0725873 1.91547 
1.04927 0.415736 0.011956 1.99285 
1.07911 0.337726 0.0164876 2.03999 
1.06921 0.3688 0.0225751 2.02557 
1.0844 0.271754 0.171571 2.04768 
0.906486 0.574665 0.174428 1.7556 
1.07202 0.360135 -0.0312878 2.03005 
1.03475 0.433877 0.08805 1.96795 
0.993637 0.505726 0.0542166 1.90004 
0.938362 0.480118 0.32528 1.81433 
1.05708 0.400527 -0.0108066 2.00649 
1.00007 0.488249 0.0553821 1.90899 
1.00022 0.494903 0.0699984 1.91114 
1.00039 0.494825 0.0695939 1.91149 
0.863281 0.573279 0.266226 1.68601 
0.999071 0.496265 0.071129 1.90918 
1.0638 0.380857 0.0254295 2.0164 
0.998982 0.496717 0.0687681 1.90903 
1.05101 0.401965 0.08283 1.99498 
1.05778 0.396538 0.0232421 2.00686 
1.06336 0.383988 -0.0552967 2.01759 
1.06093 0.38835 0.0293702 2.01187 
1.031 0.42962 0.111573 1.95946 
1.06616 0.374044 0.0378381 2.02023 
1.00025 0.494957 0.0669203 1.91121 
1.00191 0.492651 0.0685069 1.91395 
1.10742 0.249075 -0.075456 2.09421 
0.998244 0.497608 0.0698865 1.9078 
0.875179 0.402867 0.462009 1.70119 
1.017 0.472293 0.0449906 1.93907 
1.1203 -0.0144041 0.138711 2.11357 
1.00153 0.493313 0.068616 1.91339 
1.00015 0.493313 0.081446 1.91108 
0.999572 0.495776 0.0673143 1.90992 
1.07484 0.317299 0.132613 2.03103 
1.06526 0.273747 0.207114 2.00922 
0.999573 0.493931 0.0672813 1.90951 
0.997352 0.501432 0.0612816 1.90687 
1.01502 0.422765 0.215293 1.93439 
1.07683 0.302429 0.159117 2.03518 
1.00048 0.495159 0.0679945 1.91176 
0.998914 0.497045 0.0673562 1.90893 
1.09508 0.28054 -0.0763481 2.06863 
1.00005 0.495038 0.071445 1.91091 
0.996463 0.496935 0.0938192 1.90522 
0.999948 0.495212 0.0700672 1.91066 
0.999157 0.496214 0.0681977 1.90915 
1.00471 0.489248 0.0652169 1.91874 
0.99886 0.496807 0.0693645 1.90882 
0.815846 0.607785 0.222109 1.60081 
0.998601 0.497182 0.070029 1.90844 
1.00278 0.266925 0.41106 1.9141 
1.00054 0.49451 0.0696792 1.9117 
1.00034 0.494891 0.0696498 1.91139 
1.09507 0.289458 -0.0572821 2.06794 
1.00582 0.485504 0.0778912 1.92049 
1.0533 0.39572 -0.105434 2.0011 
1.08078 0.340917 -0.0161116 2.04545 
1.00288 0.489417 0.0799339 1.91553 
0.999159 0.496552 0.0679057 1.90929 
0.998724 0.494979 0.0819801 1.90855 
1.08122 0.29003 0.159517 2.04247 
1.08832 0.294953 -0.0958522 2.05691 
1.0706 0.315502 0.184243 2.02596 
1.05643 0.398456 -0.0221874 2.00438 
1.07959 0.334755 -0.0337521 2.04122 
0.999163 0.492542 0.0653093 1.90814 
0.999019 0.496355 0.0699167 1.90901 
1.0006 0.494882 0.0690487 1.91198 
1.04236 0.357303 0.244472 1.98237 
1.04494 0.414441 0.0672044 1.98356 
1.01698 0.468861 0.0566446 1.938 
1.06951 0.368605 0.0257873 2.02631 
1.03978 0.381013 0.178716 1.97133 
0.925007 0.582541 0.0404409 1.78592 
1.00144 0.487617 0.0503458 1.91206 
0.999384 0.496419 0.0674382 1.90969 
1.00192 0.492766 0.0673101 1.91396 
0.999732 0.495321 0.0696918 1.91018 
0.999608 0.495604 0.070401 1.91007 
1.02833 0.38407 0.24636 1.95799 
1.09129 0.296284 0.0336091 2.05902 
1.01548 0.463129 0.0913427 1.93425 
0.980742 0.419823 -0.0555093 1.85083 
1.00317 0.49212 0.0605537 1.91609 
0.88557 0.542684 -0.0513282 1.69502 
1.07041 0.325746 0.131589 2.02234 
1.06466 0.378099 0.0236356 2.0175 
0.998311 0.497866 0.0691969 1.90804 
1.00113 0.493312 0.0720571 1.91266 
0.996658 0.499172 0.0763787 1.9053 
1.04761 0.271201 0.301377 1.99021 
0.999301 0.496444 0.068279 1.90962 
1.08989 0.307592 -0.014161 2.05921 
0.976252 0.51585 0.134596 1.87232 
1.0685 0.319026 0.17105 2.02105 
1.03544 0.438308 0.0307218 1.96828 
1.05727 0.393016 0.0481643 2.00509 
0.960635 0.437729 0.329815 1.84657 
1.06555 0.374311 0.02842 2.01854 
0.791747 0.640923 -0.100909 1.56396 
1.05262 0.405852 -0.0310955 1.99795 
1.00062 0.494719 0.0678499 1.91187 
1.00051 0.495003 0.0661599 1.91172 
0.996167 0.501531 0.0643495 1.9045 
1.00099 0.494278 0.0687608 1.91259 
1.04744 0.405522 0.118316 1.99104 
1.06749 0.368053 0.0291782 2.02129 
1.0075 0.465146 0.140335 1.92174 
0.830009 0.563033 -0.146004 1.60705 
1.06263 0.324162 0.209196 2.01455 
1.00469 0.48307 0.105876 1.91921 
1.00105 0.494898 0.065369 1.91268 
0.873626 0.509208 -0.124468 1.6639 
1.03949 0.426919 -0.107586 1.97909 
0.934167 0.53478 0.214179 1.80172 
1.09531 0.294591 -0.00908013 2.06921 
1.05267 0.405102 0.0370109 1.99765 
0.998098 0.439318 0.277389 1.91718 
0.998881 0.496009 0.0684646 1.90841 
0.997676 0.498558 0.0603129 1.9064 
1.06601 0.383637 0.0360305 2.02239 
1.01081 0.48774 0.0171268 1.93078 
1.06606 0.326358 0.165774 2.01619 
1.10261 0.263619 0.018853 2.07625 
1.10815 0.218803 0.06234 2.0851 
1.06218 0.324612 0.191091 2.01017 
1.06572 0.370531 0.0798994 2.02011 
1.06533 0.37333 0.0635084 2.01899 
0.996383 0.498424 0.0464339 1.90231 
1.11322 0.192593 0.0658132 2.09383 
1.06709 0.375332 0.0178561 2.02246 
0.971358 0.52509 0.109276 1.86271 
1.05507 0.400743 0.0252717 2.00169 
1.00187 0.492507 0.0703869 1.91392 
1.06812 0.373129 0.0232411 2.02435 
1.10746 0.231936 -0.0420642 2.08819 
1.12239 0.101133 0.0411749 2.1085 
1.00034 0.494766 0.0701133 1.91138 
0.998701 0.497563 0.0647528 1.90852 
1.08586 0.309338 0.049297 2.04992 
1.06424 0.38087 0.0208886 2.01739 
1.06087 0.393075 0.000948939 2.01308 
1.00101 0.49315 0.0592819 1.91229 
0.999603 0.495523 0.0699537 1.90999 
0.999287 0.495272 0.0683754 1.909 
0.999598 0.495113 0.0683758 1.90965 
0.896509 0.475796 -0.071743 1.69069 
1.07258 0.354638 0.0264456 2.02945 
1.0393 0.40467 0.13273 1.97238 
1.07352 0.348479 0.0418573 2.03037 
1.00135 0.493381 0.0688855 1.91301 
1.1228 0.118047 -0.000145027 2.11117 
0.997944 0.498017 0.0708173 1.90735 
1.06245 0.384158 0.0327079 2.01432 
0.997267 0.499852 0.0670754 1.90641 
1.0061 0.487115 0.0607433 1.92077 
1.00099 0.493867 0.0692531 1.91243 
1.01002 0.477733 0.0875572 1.92758 
0.722283 0.522801 0.307667 1.40856 
1.06821 0.359522 0.0779037 2.02244 
1.06943 0.367997 -0.00512958 2.02568 
1.06158 0.38766 0.0119559 2.01297 
0.999303 0.49461 0.0661164 1.90894 
1.03474 0.434843 0.0771911 1.96743 
1.10182 0.243031 0.107197 2.0773 
1.03563 0.417965 0.150189 1.97094 
1.09979 0.261746 0.0380552 2.07184 
0.972985 0.404066 -0.0761305 1.83282 
1.06474 0.381057 0.0205342 2.0186 
1.10089 0.284765 -0.0172735 2.07955 
1.07206 0.34663 -0.105581 2.03132 
1.08306 0.344741 0.0743123 2.0529 
0.999493 0.491684 0.063875 1.90858 
1.00062 0.494095 0.0749158 1.91205 
0.92389 0.521086 -0.0364241 1.76278 
1.06446 0.378548 0.0237802 2.01718 
1.08826 0.312515 -0.0560683 2.05727 
1.0658 0.337553 0.132366 2.01453 
1.06921 0.370284 0.00712233 2.02591 
0.923988 0.451578 -0.0579988 1.74045 
1.08018 0.335395 -0.000686086 2.04213 
1.00206 0.492746 0.0660422 1.9142 
1.07754 0.339732 0.0329728 2.03739 
1.10176 0.251668 0.050369 2.07506 
1.02472 0.452162 0.0694422 1.94997 
1.10723 0.203866 0.106583 2.08361 
0.999783 0.493806 0.0662704 1.90991 
1.00232 0.492011 0.0693273 1.91468 
1.00174 0.493121 0.0675637 1.91371 
1.06092 0.292076 0.259278 2.01113 
0.992249 0.506218 0.0687579 1.89789 
1.0501 0.408193 0.0304136 1.99226 
0.866795 0.460107 0.414949 1.69656 
1.00024 0.494937 0.0697966 1.9112 
1.0007 0.494495 0.0682434 1.91197 
1.00389 0.491447 0.0586717 1.9173 
0.999106 0.490004 0.0581642 1.90736 
1.03822 0.431967 0.0427354 1.97283 
1.08961 0.305741 0.0239027 2.05705 
0.900658 0.602562 0.0412835 1.74577 
1.0642 0.378575 0.0250123 2.0166 
0.777724 0.535802 0.359711 1.53084 
1.06961 0.366136 0.0125235 2.02541 
1.10966 0.123696 0.205136 2.09288 
1.00197 0.492539 0.0691918 1.91409 
1.09187 0.296964 -0.00570395 2.06091 
1.02567 0.458083 0.0435022 1.95347 
0.75792 0.460941 0.445425 1.49081 
1.06437 0.382017 0.0217081 2.01804 
1.0007 0.495363 0.0665101 1.91227 
1.0373 0.429428 0.0606065 1.97039 
1.00073 0.49423 0.0696534 1.912 
1.00041 0.4943 0.0716781 1.91142 
1.09249 0.233588 0.165428 2.05969 
1.10363 0.203657 0.129711 2.07678 
0.785462 0.565127 -0.129467 1.51662 
1.10601 0.240876 -0.011271 2.08432 
0.992677 0.502345 0.0911629 1.89876 
1.06699 0.375676 0.0108124 2.02229 
0.875068 0.464015 -0.207895 1.66328 
0.997838 0.498383 0.068326 1.90711 
1.00075 0.494436 0.0679931 1.91204 
1.00023 0.494649 0.0712841 1.91115 
1.05502 0.406129 -0.0422261 2.00444 
1.05985 0.392392 0.0301432 2.01065 
1.1045 0.181996 0.142673 2.07735 
1.00057 0.495172 0.0684405 1.912 
1.00676 0.483116 0.079985 1.92175 
1.01086 0.478135 0.0721375 1.92859 
1.06289 0.369122 -0.11839 2.01729 
1.06343 0.382756 0.0213179 2.01603 
1.00128 0.494041 0.0662913 1.91298 
1.04625 0.421203 0.033736 1.98793 
1.00042 0.494698 0.0698464 1.91152 
1.0786 0.338607 0.0222637 2.03923 
1.0569 0.389353 0.0645793 2.00367 
1.02504 0.449058 0.103499 1.95231 
1.08671 0.23904 0.179101 2.0494 
1.04652 0.403783 0.107039 1.98682 
1.0275 0.44037 0.132212 1.95796 
1.00045 0.494602 0.069563 1.91153 
1.07548 0.355012 0.0128043 2.03654 
0.93931 0.553824 0.143677 1.8103 
1.10769 0.216445 -0.0248759 2.08455 
0.999019 0.496695 0.0689578 1.90912 
1.02525 0.459185 0.0226083 1.95241 
1.0598 0.387406 0.0555238 2.0097 
0.847219 0.605953 -0.0185658 1.64293 
1.06699 0.375791 0.0234872 2.02246 
1.06113 0.388297 0.0255623 2.01228 
1.00515 0.488466 0.0621043 1.91923 
0.999925 0.495265 0.0711533 1.91071 
1.02923 0.418909 0.172888 1.95909 
1.06537 0.379789 0.0232729 2.01979 
1.06445 0.379847 0.022651 2.01756 
0.998705 0.496972 0.0689321 1.90851 
1.06625 0.37263 0.0240434 2.01958 
0.952298 0.55529 0.0692387 1.83229 
1.05887 0.378297 -0.132811 2.0124 
1.09119 0.25041 0.156265 2.05779 
0.928246 0.557076 -0.032865 1.78002 
1.01002 0.479235 0.0688059 1.92686 
0.890408 0.601375 0.00812917 1.72201 
1.07646 0.349098 0.00610056 2.03699 
0.999401 0.49545 0.0758085 1.9099 
0.995081 0.331102 0.363568 1.90943 
1.00323 0.490691 0.0684445 1.91613 
1.07042 0.19348 0.304062 2.02545 
1.00074 0.494081 0.0714117 1.91207 
1.00146 0.492704 0.073495 1.91325 
1.00693 0.48878 0.0486436 1.92251 
1.12157 0.0916848 0.142139 2.11158 
1.06337 0.38458 0.00614415 2.01629 
1.08473 0.279111 0.150251 2.04724 
1.068 0.373494 0.0177415 2.02409 
1.00026 0.492774 0.0626669 1.91065 
0.999485 0.49594 0.0692418 1.90987 
1.06031 0.39003 0.0216839 2.01079 
1.07038 0.329922 0.173291 2.02682 
0.626113 0.605595 0.21023 1.26392 
1.06372 0.207284 0.27993 2.01823 
1.06482 0.336498 0.185295 2.01858 
1.05494 0.403496 0.00781187 2.00219 
0.999497 0.495819 0.0685129 1.90979 
1.06111 0.385565 0.0300386 2.01139 
0.968061 0.534484 0.096111 1.85874 
0.999353 0.495561 0.0775181 1.90998 
1.07173 0.361071 0.0300542 2.02945 
1.0692 0.369821 0.0192595 2.02584 
1.09427 0.222165 0.172816 2.0636 
1.0642 0.377418 0.0352435 2.0164 
0.978357 0.526156 0.0317505 1.87415 
1.07127 0.35579 0.0461223 2.02722 
0.998866 0.496887 0.0716035 1.90904 
1.08482 0.289931 0.119998 2.04712 
0.99905 0.495544 0.0682094 1.90857 
1.06357 0.386784 -0.024738 2.01792 
0.995504 0.502378 0.062696 1.90327 
1.11202 0.142896 0.0971919 2.08571 
0.794414 0.497994 0.399621 1.55497 
1.00196 0.493 0.0666319 1.91411 
1.02236 0.462045 0.0361468 1.94699 
0.999752 0.495421 0.070207 1.91031 
1.10873 0.231481 0.0424542 2.0883 
1.06278 0.380875 0.0463972 2.0144 
0.999585 0.495614 0.0698031 1.90998 
1.0114 0.475332 0.0798211 1.92913 
0.885707 0.604473 0.0845305 1.71761 
1.00393 0.490482 0.0620845 1.91731 
1.09612 0.285905 0.0139703 2.06819 
0.862302 0.603212 -0.0252229 1.67217 
0.986842 0.513919 0.0688513 1.88911 
0.822508 0.538923 -0.038016 1.56664 
0.994095 0.465704 0.0317125 1.88846 
0.899827 0.49388 -0.0983305 1.70844 
1.06891 0.370205 0.0252372 2.02534 
0.788963 0.549898 -0.0221343 1.50662 
1.09504 0.213633 0.175892 2.0642 
0.872161 0.5161 -0.0196042 1.65886 
1.06485 0.381115 0.0234419 2.01897 
0.998428 0.497352 0.0711363 1.9082 
1.03903 0.429525 0.071691 1.97535 
0.999505 0.496101 0.0679112 1.90988 
1.05208 0.404612 0.0430061 1.99622 
0.988827 0.467134 -0.0210419 1.87663 
0.999172 0.496139 0.0702936 1.9093 
1.01989 0.471092 -0.00233252 1.9446 
0.999475 0.496153 0.0683081 1.90988 
1.03024 0.452726 0.0122399 1.96157 
1.09222 0.228857 0.168109 2.0589 
1.06432 0.382315 0.0229375 2.01804 
1.0012 0.493651 0.0687131 1.91278 
1.07375 0.354244 0.00686012 2.03183 
0.999595 0.49584 0.0676188 1.90998 
0.91606 0.494634 -0.0506703 1.73821 
0.656249 0.603507 0.0639928 1.29799 
1.00151 0.493452 0.0672668 1.91331 
1.04311 0.386032 0.157054 1.97799 
0.999179 0.494091 0.0654544 1.90856 
0.998909 0.494734 0.0639597 1.90809 
1.0023 0.490667 0.0761906 1.91448 
1.01124 0.478653 0.0643474 1.92922 
1.06445 0.382261 0.0231862 2.01836 
1.06672 0.37489 0.0160137 2.02126 
0.985798 0.36072 -0.0345611 1.84881 
1.01147 0.462588 0.130963 1.92886 
0.929132 0.569199 -0.00380565 1.78636 
1.06974 0.360232 0.0521194 2.02505 
1.07138 0.364921 0.0280088 2.0298 
1.09464 0.294523 0.0852547 2.06669 
1.0989 0.207882 0.165553 2.07084 
1.06616 0.378039 0.0231684 2.02116 
0.926862 0.465767 -0.106836 1.75666 
1.06783 0.370214 -0.0379365 2.02315 
1.07898 0.294867 0.154394 2.03775 
0.999068 0.496386 0.0706158 1.9092 
0.577199 0.552966 0.2434 1.15984 
1.07277 0.338862 0.110265 2.03007 
1.00021 0.494197 0.0735546 1.91104 
0.997077 0.499791 0.0690087 1.90606 
1.00155 0.493493 0.0667579 1.91341 
1.08973 0.23997 0.167698 2.05456 
1.06905 0.351838 0.082571 2.02241 
1.05833 0.396143 0.0149783 2.00796 
1.05912 0.393734 -0.00644889 2.00901 
1.04011 0.407962 -0.134211 1.97871 
0.999467 0.495944 0.0694803 1.90984 
1.00369 0.483271 0.095079 1.91577 
1.0765 0.345141 0.0217421 2.03601 
1.00172 0.491432 0.0771087 1.91353 
1.0649 0.380235 0.019239 2.01865 
0.999853 0.495285 0.0702341 1.91049 
0.993644 0.504837 0.0663969 1.90032 
0.999969 0.495194 0.0699005 1.91069 
1.03868 0.4365 0.024576 1.97531 
0.765788 0.583664 0.00629391 1.47842 
1.02647 0.455389 0.0294087 1.95376 
0.849169 0.56458 0.263404 1.65607 
1.04435 0.425993 -0.021691 1.98508 
1.00672 0.485131 0.0679161 1.92172 
0.498122 0.569984 0.0686164 1.01723 
1.09284 0.296608 0.00685935 2.06272 
1.09674 0.2337 0.134563 2.06527 
1.06513 0.381124 0.0156035 2.01958 
1.07288 0.358186 0.0150113 2.03096 
0.884255 0.496525 -0.0628075 1.67369 
1.05547 0.40669 -0.00816738 2.00477 
1.06423 0.375745 0.0563314 2.01668 
1.01967 0.464463 0.070962 1.94335 
0.738869 0.65102 0.128139 1.46836 
0.999759 0.49381 0.0667799 1.90987 
0.982579 0.519073 0.0504089 1.88087 
0.800003 0.64975 0.0376427 1.57322 
1.00411 0.487677 0.0780394 1.91746 
0.716246 0.585383 0.294926 1.44354 
1.08464 0.163656 0.252514 2.04307 
1.0655 0.375181 0.0232456 2.01856 
0.999389 0.495507 0.0691191 1.90942 
1.07742 0.345229 0.0401495 2.03923 
1.0004 0.494943 0.0679114 1.91144 
1.02021 0.490495 -0.0106369 1.95322 
1.02071 0.456662 0.0883798 1.9437 
0.939779 0.427935 -0.0522282 1.76623 
1.00146 0.494524 0.0645733 1.91345 
0.995498 0.503874 0.0579372 1.90352 
1.0224 0.458058 0.0673795 1.94683 
1.01418 0.471861 0.0759879 1.9339 
1.0562 0.397346 0.00783331 2.00304 
1.07714 0.346438 -0.0406945 2.03885 
0.97591 0.478389 0.209845 1.86634 
1.01348 0.385897 0.274161 1.93002 
1.06728 0.374302 0.0244207 2.02268 
1.09641 0.266136 0.0784752 2.06657 
0.999289 0.496435 0.066809 1.90947 
1.00114 0.494731 0.0685253 1.91316 
1.00264 0.49117 0.0710362 1.91514 
1.06843 0.372126 0.00191312 2.02455 
1.08139 0.316501 0.042353 2.04036 
0.980086 0.519671 0.0581271 1.8758 
1.00907 0.480231 0.0748494 1.9255 
1.07958 0.327963 -0.111392 2.04551 
1.00613 0.48766 0.0568566 1.92086 
1.02989 0.441469 0.103812 1.96083 
1.06877 0.320005 0.160374 2.02028 
1.00158 0.492971 0.0695361 1.91341 
1.03309 0.20523 0.385998 1.96554 
0.960132 0.537583 -0.0198206 1.83806 
1.06966 0.319881 0.185426 2.02509 
1.00015 0.495046 0.0700312 1.91105 
1.09407 0.284095 -0.0161055 2.06357 
0.998382 0.49635 0.0801642 1.90827 
1.06758 0.110898 0.334273 2.03682 
1.06414 0.38238 0.0221472 2.0176 
1.07566 0.281004 0.187128 2.03112 
1.00038 0.494839 0.0697871 1.91149 
1.00592 0.484723 0.0755841 1.92017 
1.06957 0.362535 0.0378655 2.02488 
1.08604 0.314266 -0.00421159 2.05076 
1.06027 0.393844 0.00480468 2.01187 
1.06572 0.379021 0.023788 2.02041 
1.0493 0.363998 0.17447 1.98813 
1.00137 0.495132 0.0681498 1.91386 
1.06541 0.377308 0.0308904 2.01929 
1.0409 0.261923 0.360546 1.98413 
0.989526 0.511864 0.060494 1.89388 
1.00626 0.480777 0.0924554 1.92045 
1.05829 0.367364 0.137387 2.00629 
0.840123 0.57597 0.282457 1.64734 
1.0011 0.494941 0.0682219 1.91314 
1.00086 0.494125 0.0694304 1.91226 
0.915643 0.463932 -0.06491 1.72732 
0.997263 0.450909 0.00943522 1.89536 
1.08669 0.216326 0.21647 2.05014 
1.08511 0.294067 0.0669826 2.04464 
1.00093 0.494704 0.0688674 1.91267 
1.098 0.272144 -0.0105609 2.07048 
1.06752 0.325557 0.180487 2.02156 
1.061 0.362646 0.129144 2.0104 
1.11219 0.197596 -0.0161285 2.0925 
0.924597 0.448478 0.0517579 1.7455 
1.06845 0.346011 0.116684 2.02219 
1.00103 0.493679 0.0706331 1.91252 
1.08001 0.299663 0.121165 2.03777 
0.999582 0.495611 0.0696812 1.90996 
0.907198 0.489327 -0.0579788 1.71897 
1.00672 0.442706 0.225383 1.92561 
1.00099 0.493715 0.0701688 1.9124 
1.08274 0.315946 -0.0953473 2.04811 
1.06874 0.370115 0.0301117 2.02512 
1.06296 0.377389 0.069383 2.01485 
1.04288 0.423511 0.014906 1.98013 
1.09075 0.14136 0.228416 2.05164 
1.06442 0.381934 0.0237812 2.01818 
0.930219 0.449346 -0.126252 1.76219 
1.07006 0.368591 0.0155856 2.02753 
1.07457 0.347653 -0.0903979 2.03597 
0.769095 0.656964 0.0385918 1.52199 
1.06621 0.383908 -0.0346744 2.02379 
0.932525 0.437634 -0.0614769 1.75458 
0.857949 0.561859 0.30021 1.68007 
0.590096 0.641272 0.0941018 1.21199 
1.09002 0.297734 0.0415823 2.05672 
1.08574 0.313551 0.0186613 2.0493 
1.07263 0.364046 0.0366818 2.03308 
1.00329 0.48907 0.0759568 1.91603 
0.995329 0.502733 0.0661988 1.90321 
0.86668 0.57558 0.238861 1.68692 
1.00448 0.48833 0.0715287 1.91818 
1.00204 0.493728 0.0626157 1.91431 
1.10369 0.234844 0.0807341 2.0781 
1.01097 0.47178 0.0994644 1.9282 
1.02623 0.455909 0.0548549 1.95441 
0.937112 0.560577 -0.0182423 1.79958 
0.997573 0.498693 0.0713567 1.90685 
1.00726 0.488172 0.0340719 1.92334 
1.0176 0.468925 0.0667517 1.94012 
1.03228 0.449838 -0.0351986 1.96616 
0.976085 0.514447 -0.0167247 1.86261 
1.09244 0.260564 0.149737 2.06209 
0.605626 0.619239 0.175876 1.23243 
0.576562 0.580979 0.18327 1.16179 
1.00149 0.49305 0.0701048 1.91326 
1.07175 0.361284 0.00981546 2.02915 
1.06786 0.373819 0.0219801 2.02391 
0.836621 0.51096 0.18406 1.58375 
0.790221 0.492948 0.31697 1.52845 
1.0182 0.464079 0.0799943 1.94031 
1.00164 0.493019 0.0683809 1.91348 
0.999153 0.495697 0.0687495 1.90892 
1.06463 0.381578 0.0229708 2.01857 
1.0003 0.495198 0.0671806 1.91141 
1.00911 0.481697 0.0687436 1.92584 
1.0848 0.322938 0.0310264 2.05048 
1.00349 0.49112 0.0633409 1.91665 
0.99968 0.494757 0.0749503 1.91016 
0.748486 0.57682 0.0244895 1.44008 
0.999267 0.496173 0.0696963 1.9095 
0.99777 0.499248 0.0360794 1.90564 
1.09267 0.28037 -0.0367044 2.0576 
0.939735 0.545668 -0.0410022 1.80064 
0.999462 0.230493 0.463589 1.93244 
1.01762 0.46635 0.0754663 1.9396 
0.497286 0.561182 0.105232 1.01303 
1.08234 0.329521 0.00177056 2.04576 
0.509164 0.548892 0.165384 1.03215 
0.62784 0.54328 0.297743 1.25364 
1.00114 0.493703 0.0684081 1.91262 
1.09954 0.192052 0.164435 2.06948 
0.839367 0.630371 0.0431755 1.63669 
1.02307 0.459585 0.0606327 1.94873 
0.874953 0.508362 -0.0589575 1.65929 
1.08754 0.276718 0.133685 2.05192 
1.00006 0.495105 0.0701699 1.91089 
0.849065 0.540295 -0.0431819 1.62039 
0.998687 0.497232 0.0676044 1.90851 
1.0856 -0.0449754 0.311293 2.067 
1.04824 0.415094 0.0294162 1.9903 
1.05075 0.402803 0.0726623 1.9939 
1.06722 0.375317 0.0217732 2.02284 
0.938201 0.458229 -0.0933968 1.7723 
1.03886 0.419328 0.103946 1.97374 
1.05305 0.405521 0.0231406 1.99841 
1.07436 0.353847 0.0175957 2.0333 
1.00277 0.49019 0.0743983 1.91521 
0.743173 0.574861 0.0179285 1.43182 
1.00211 0.491387 0.0787835 1.91457 
0.95441 0.553475 0.013648 1.83401 
0.998624 0.497947 0.0658484 1.90851 
1.00046 0.495087 0.0677367 1.91164 
0.730419 0.559045 0.0255758 1.40435 
1.08605 0.315559 -0.0190986 2.05159 
1.00206 0.491969 0.0729319 1.91428 
0.835639 0.533416 0.217399 1.60062 
1.06524 0.332201 0.163112 2.01543 
1.07088 0.363603 0.0132616 2.02775 
1.06399 0.381304 0.0281966 2.01708 
0.997643 0.498367 0.0693734 1.90671 
1.0029 0.491614 0.0667046 1.91569 
0.997593 0.497992 0.074883 1.90681 
1.07924 0.326848 0.0518813 2.03846 
1.04649 0.424736 -0.0182718 1.98972 
1.03399 0.402355 0.203333 1.96958 
0.862675 0.513221 -0.053683 1.63619 
1.08048 0.34027 0.00894376 2.04429 
1.07199 0.357952 -0.0616427 2.03054 
1.0723 0.362337 0.0224056 2.03112 
0.986665 0.515918 0.0645836 1.88953 
0.8741 0.563569 0.276463 1.7076 
1.07413 0.3416 0.0618545 2.03055 
1.09301 0.262261 0.118636 2.06043 
0.99961 0.496128 0.0683375 1.91017 
1.07083 0.364963 0.0200424 2.02828 
0.995879 0.498762 0.0830219 1.90377 
1.00137 0.493514 0.0680061 1.91306 
1.01427 0.476547 0.0537046 1.93488 
0.994149 0.501508 0.0844358 1.90118 
1.0053 0.490917 0.0552086 1.92022 
0.472628 0.541653 0.11318 0.963531 
0.905001 0.489269 -0.0614198 1.71475 
1.00378 0.490469 0.0645866 1.91707 
1.06016 0.392434 -0.0452544 2.01223 
1.06444 0.381201 0.0225632 2.01796 
1.08315 0.328407 0.029711 2.04817 
1.06428 0.380246 0.0226357 2.01729 
1.03927 0.434978 -0.00592954 1.97602 
1.01069 0.481564 0.0485972 1.92853 
0.851079 0.52259 -0.0470432 1.61675 
0.998866 0.491837 0.0626364 1.90715 
1.09813 0.148517 0.181198 2.06216 
1.08088 0.31349 0.0858608 2.0407 
1.05097 0.339135 0.17361 1.9895 
1.00011 0.494832 0.0674215 1.91094 
0.99974 0.493988 0.0672563 1.90988 
0.999041 0.495967 0.0688917 1.9088 
1.07746 0.334413 0.0305606 2.03543 
0.777623 0.649517 0.0814798 1.53229 
1.04119 0.418924 0.0750217 1.97667 
0.996273 0.489417 0.0473768 1.90033 
1.08987 0.231266 0.178135 2.05558 
1.00259 0.492439 0.063547 1.91516 
0.98552 0.291258 -0.105945 1.83996 
1.00328 0.490391 0.069439 1.91617 
1.0939 0.214736 0.189122 2.06399 
0.924124 0.475357 0.357174 1.79304 
1.11758 0.153459 -0.00407427 2.10039 
1.00114 0.493923 0.0679719 1.91271 
1.03499 0.435338 0.0568717 1.96694 
0.999869 0.495227 0.0697759 1.91046 
1.07719 0.336136 0.0719579 2.03715 
1.04141 0.416533 0.0829219 1.97692 
0.999677 0.49441 0.0672773 1.90988 
0.999847 0.495694 0.067601 1.91048 
1.08218 0.159777 0.296421 2.04539 
0.929053 0.449893 0.0112871 1.75125 
0.9181 0.525812 -0.060828 1.75498 
1.00062 0.494988 0.0670939 1.91192 
0.926434 0.47203 -0.0432209 1.75199 
1.04221 0.41495 0.123814 1.9825 
1.02867 0.447359 0.054096 1.95654 
1.09142 0.222818 0.193223 2.06035 
0.985472 0.425093 0.31587 1.89445 
1.06634 0.376233 0.0161096 2.02089 
1.01127 0.478336 0.0557151 1.92862 
1.08001 0.319068 0.106597 2.04 
1.08294 0.201038 0.247733 2.0443 
0.999062 0.494213 0.0645077 1.90822 
0.99796 0.495361 0.0875414 1.9074 
1.00163 0.4924 0.0721487 1.91342 
1.07173 0.361654 0.0158272 2.02925 
1.06394 0.361887 0.112139 2.01562 
0.893121 0.509178 -0.0555537 1.69681 
1.04119 0.426486 0.0255364 1.97739 
0.986531 0.514701 0.024143 1.88739 
1.06002 0.392172 0.0111345 2.01068 
1.00097 0.494112 0.0675704 1.91239 
1.00078 0.494665 0.0673289 1.91217 
0.99025 0.508503 0.0771893 1.89495 
1.05126 0.368033 0.160157 1.99223 
0.750907 0.560016 0.00374704 1.43934 
0.65546 0.588824 0.158487 1.3001 
0.894464 0.480616 0.273754 1.71225 
1.09717 0.241678 0.126747 2.06704 
0.999639 0.495418 0.0696479 1.91 
0.996464 0.500362 0.0702606 1.90498 
0.999593 0.495304 0.0732566 1.91009 
1.00058 0.494286 0.0708638 1.91177 
1.02765 0.337331 0.3134 1.95845 
1.07534 0.350703 0.00784698 2.03467 
1.02503 0.453734 0.0784538 1.95204 
0.999629 0.495801 0.0682851 1.91005 
0.863322 0.500009 -0.058517 1.63132 
1.06908 0.368404 0.0143494 2.02489 
0.9983 0.498501 0.0661988 1.90812 
1.00064 0.494397 0.0700731 1.9119 
0.99578 0.49056 0.0132298 1.8977 
1.01801 0.413658 -0.113551 1.93209 
0.908058 0.463191 -0.0731332 1.71037 
1.07872 0.341483 0.00393867 2.04027 
1.0731 0.35797 0.0100225 2.03142 
1.05445 0.39848 0.0651706 2.00098 
1.0027 0.491538 0.06856 1.91529 
1.08492 0.239633 0.198512 2.04841 
0.842313 0.519054 -0.0522878 1.59664 
1.10171 0.171671 0.197235 2.07778 
1.00161 0.493187 0.0679433 1.91347 
1.08425 0.321311 -0.00633589 2.04834 
0.899601 0.496547 -0.0583444 1.70581 
1.0018 0.493388 0.0647627 1.91381 
0.754295 0.555337 -0.0019044 1.44223 
1.0879 0.240979 0.182321 2.05351 
1.06485 0.346659 0.12699 2.01447 
1.00071 0.493151 0.0793136 1.91214 
1.06759 0.372988 0.0164866 2.02278 
1.00539 0.488297 0.0589248 1.91954 
1.06234 0.381552 0.0526834 2.01378 
1.06138 0.340163 0.153667 2.00702 
1.08342 0.332799 0.00337254 2.04942 
0.991971 0.508969 0.0605866 1.89813 
1.0661 0.304882 0.1956 2.015 
1.11629 0.175556 0.0200848 2.09855 
0.445103 0.535268 0.0578286 0.913322 
1.03226 0.442079 0.0603531 1.96334 
1.09246 0.205832 0.196865 2.05963 
1.02445 0.433598 0.145554 1.94949 
1.11136 0.225589 0.0211657 2.09374 
1.04347 0.337807 0.132675 1.96654 
1.06823 0.372681 0.0203497 2.02441 
0.970668 0.475758 0.267909 1.86711 
1.07986 0.32965 0.0345846 2.04018 
1.11861 0.17155 -0.0248135 2.10599 
0.985739 0.51647 0.0439994 1.88669 
1.07002 0.32928 0.162259 2.02412 
1.00033 0.494361 0.0722699 1.9113 
1.05793 0.358907 0.155254 2.00486 
1.07222 0.362453 -0.0170768 2.03088 
1.00095 0.494158 0.0679422 1.91238 
1.10664 0.244402 0.0084874 2.08556 
0.985347 0.512513 0.105025 1.88813 
1.08956 0.235638 0.173166 2.05474 
1.001 0.49439 0.0667121 1.91251 
1.05215 0.407545 0.0142787 1.99683 
1.06979 0.358036 0.0691212 2.02532 
1.06543 0.379065 0.0193167 2.01958 
1.08824 0.318929 -0.0371585 2.05861 
1.04712 0.419861 0.00228493 1.98921 
1.08187 0.308282 0.154644 2.04831 
1.00755 0.480996 0.0847027 1.92302 
0.481931 0.556042 0.0798307 0.983891 
1.00887 0.476968 0.0921835 1.92485 
1.00059 0.46853 0.159901 1.90993 
0.795941 0.649752 0.0237938 1.56447 
1.03077 0.443809 0.048028 1.95978 
1.06565 0.377879 0.0216674 2.01979 
1.00009 0.495115 0.0698053 1.91093 
0.999425 0.494414 0.0669715 1.90918 
0.839265 0.560721 0.322639 1.65032 
1.08098 0.281908 0.17752 2.04246 
1.06675 0.376416 0.0198044 2.02202 
0.821722 0.628193 0.00230443 1.60267 
0.999672 0.493932 0.0674206 1.90969 
1.06638 0.37659 0.017578 2.02103 
1.05511 0.40005 0.0336492 2.00173 
1.05292 0.406119 0.000624722 1.99816 
1.00777 0.482769 0.0740453 1.92352 
0.893985 0.548145 0.269582 1.7367 
1.06476 0.380717 0.0229509 2.01862 
1.00417 0.488772 0.0729638 1.91775 
1.07765 0.348161 -0.0110528 2.0398 
1.06449 0.381118 0.0228827 2.01809 
1.09111 0.287547 0.0801181 2.05899 
1.00401 0.489436 0.0695279 1.91746 
0.899027 0.512489 -0.062623 1.71034 
1.06914 0.365945 0.0227728 2.02444 
0.970633 0.536162 0.0610793 1.86284 
1.06671 0.371699 0.0230404 2.02037 
1.06573 0.378068 0.0176098 2.01994 
1.06695 0.373777 0.0210082 2.02158 
1.04437 0.39245 0.147478 1.98216 
1.07758 0.325725 0.0665882 2.03465 
1.01064 0.482373 0.037165 1.92825 
1.06029 0.371219 0.119072 2.01042 
1.08366 0.284792 0.131215 2.04402 
1.06413 0.381492 0.0296898 2.01751 
1.07314 0.352232 0.0513992 2.03094 
1.06835 0.371409 0.0144582 2.02421 
0.858846 0.565207 0.274722 1.67684 
1.06728 0.370538 0.0354291 2.02171 
1.06152 0.342504 0.177353 2.01314 
1.07071 0.364587 0.0250316 2.02794 
0.80384 0.624915 0.175043 1.57831 
0.715845 0.612214 0.259834 1.43161 
1.02969 0.443652 0.0671542 1.95818 
1.03024 0.440716 0.0755497 1.95881 
0.996757 0.499885 0.0714093 1.90552 
1.0001 0.49497 0.0737514 1.91117 
1.07966 0.338941 0.0189679 2.04199 
1.06528 0.376182 0.0243397 2.0184 
1.01578 0.468289 0.0855123 1.93685 
0.998973 0.496637 0.069194 1.909 
1.07823 0.347016 0.0218753 2.04098 
0.83191 0.548011 0.35076 1.63907 
1.02379 0.460588 0.0488922 1.9503 
1.07504 0.345766 0.0284313 2.03279 
0.997881 0.496508 0.0785198 1.90703 
1.06807 0.368717 0.0225395 2.0227 
0.999942 0.495202 0.0708193 1.9107 
0.675835 0.558358 0.267867 1.33508 
1.07143 0.362557 0.0187824 2.02891 
1.00089 0.494289 0.0673082 1.91227 
1.00104 0.493994 0.0684563 1.91254 
1.05678 0.356892 0.145006 1.99992 
1.00541 0.487349 0.070469 1.91984 
1.09749 0.275455 0.0432944 2.06959 
1.07502 0.351678 0.000547733 2.03423 
0.999622 0.495979 0.0681197 1.9101 
1.04338 0.420966 0.0577135 1.98177 
0.956661 0.325976 0.460118 1.84699 
1.09097 0.223358 0.180513 2.05697 
1.00046 0.491931 0.0876606 1.91165 
0.870168 0.536458 -0.11135 1.67211 
0.871606 0.615324 0.0369312 1.69207 
1.04797 0.409279 0.0474176 1.98803 
1.06349 0.364018 0.10229 2.01418 
1.10292 0.218978 0.138484 2.07883 
1.11209 0.199793 0.00948519 2.09136 
1.02086 0.314531 0.35975 1.95114 
1.0299 0.44642 0.0320554 1.95824 
1.07948 0.150738 0.189578 2.02525 
1.00433 0.489153 0.0671123 1.91791 
0.96731 0.453757 -0.0676111 1.82961 
1.07021 0.295046 0.174738 2.01577 
1.0759 0.305453 0.146606 2.03197 
1.09114 0.271232 0.118758 2.05805 
1.071 0.358972 0.0234226 2.02679 
1.0001 0.493983 0.0651323 1.91063 
1.01295 0.474245 0.0720029 1.93175 
0.885891 0.489048 -0.0682749 1.67411 
1.00031 0.494912 0.0695278 1.91135 
1.00037 0.49499 0.0693573 1.9115 
1.01768 0.449664 -0.0671809 1.93777 
0.998067 0.498152 0.0702821 1.90768 
1.09563 0.265694 0.0945269 2.06576 
0.83227 0.57162 -0.0708879 1.60694 
1.06634 0.376308 0.0198897 2.0209 
1.07435 0.33902 0.0789775 2.03139 
1.00716 0.485178 0.0283225 1.92272 
0.995776 0.501728 0.0675429 1.90385 
1.07189 0.349653 0.0615948 2.02743 
1.00135 0.493545 0.0683248 1.91305 
0.999641 0.49533 0.0693504 1.90994 
0.999719 0.495382 0.0695569 1.91017 
1.00127 0.493716 0.0673353 1.91287 
0.664274 0.587519 -0.0216097 1.29874 
1.06339 0.383491 0.0232333 2.01622 
1.12233 0.131089 0.0647398 2.10967 
0.880119 0.512719 -0.0420807 1.67039 
1.04224 0.433233 0.00557702 1.98245 
1.1023 0.260741 0.016945 2.07776 
1.01656 0.474464 -0.0395938 1.93998 
0.803088 0.538868 -0.0331497 1.52722 
0.998057 0.49652 0.0843115 1.90792 
0.539046 0.551734 0.198885 1.08682 
0.934458 0.494073 0.293169 1.80089 
1.04507 0.409682 0.101162 1.9849 
1.10212 0.253441 0.0701583 2.07751 
1.0767 0.346493 0.00308632 2.03679 
0.931758 0.532503 -0.0595089 1.78229 
0.999971 0.495146 0.0724198 1.91085 
1.06677 0.376278 0.0209525 2.02203 
1.00945 0.483774 0.0587618 1.92701 
1.0626 0.343835 0.144482 2.01006 
1.03051 0.439784 0.0927061 1.96051 
1.00116 0.495785 0.0681729 1.91371 
1.00097 0.496296 0.068373 1.91351 
0.999281 0.496177 0.0695145 1.90952 
0.954023 0.415238 0.400724 1.84845 
1.05703 0.34308 0.166431 1.99894 
0.903861 0.411326 -0.219918 1.70624 
1.0003 0.480603 0.122233 1.90944 
0.816064 0.576148 -0.0172916 1.57123 
1.06585 0.378009 0.0204145 2.02028 
1.07863 0.293344 0.172554 2.03843 
1.0492 0.336928 0.124584 1.9796 
0.977353 0.392953 0.0651943 1.84488 
0.999623 0.495544 0.0695947 1.91002 
1.00878 0.482632 0.0659507 1.9253 
1.07589 0.34977 0.0159218 2.03578 
0.971693 0.454551 0.262446 1.86219 
1.08223 0.307372 0.0953768 2.04318 
1.00064 0.494264 0.0706817 1.91188 
1.07645 0.344029 -0.0557045 2.03694 
1.07627 0.335969 0.0500897 2.03365 
1.0713 0.364397 0.00750898 2.02913 
1.0526 0.4026 0.0580587 1.99748 
1.00079 0.493001 0.076494 1.91204 
1.00069 0.494922 0.0666768 1.91203 
1.00624 0.486721 0.0673819 1.9213 
1.0541 0.400653 0.0495346 2.00007 
1.06841 0.370785 0.0137741 2.02404 
0.668454 0.639882 0.18677 1.35049 
1.00869 0.482996 0.0606016 1.92492 
1.02011 0.45164 0.124475 1.94399 
1.08105 0.292266 0.14148 2.0407 
1.06722 0.364016 0.062207 2.02047 
0.83063 0.528539 -0.0443006 1.57713 
0.699363 0.5471 0.0264038 1.34666 
1.04129 0.394599 0.16804 1.97828 
1.00133 0.494095 0.0657557 1.91309 
0.769491 0.551114 -0.0148463 1.46761 
1.00063 0.494316 0.0702469 1.91186 
1.00279 0.491187 0.070229 1.91544 
1.00925 0.479916 0.0783969 1.92605 
0.818298 0.580152 0.280511 1.60663 
1.00037 0.495255 0.06769 1.9115 
1.04654 0.408616 0.0873071 1.98687 
0.999626 0.49411 0.0666109 1.90959 
0.902816 0.474688 -0.0693868 1.70382 
1.05141 0.413001 -0.00337175 1.99711 
0.71782 0.570983 -0.0853039 1.3891 
1.001 0.49408 0.068296 1.91248 
1.07209 0.312216 0.178123 2.02802 
0.490987 0.543375 0.13469 0.9941 
1.06794 0.371861 0.0201616 2.02339 
1.09731 0.187299 0.184402 2.06639 
0.780498 0.631862 0.0140148 1.53035 
1.00034 0.494606 0.0708417 1.91135 
1.08508 0.328358 0.00697657 2.05214 
1.04257 0.329261 0.271723 1.98058 
1.01185 0.45806 0.151541 1.93067 
1.0069 0.484877 0.0694411 1.92214 
1.03595 0.436899 0.0488191 1.96954 
0.826403 0.570152 -0.0242581 1.59006 
1.00173 0.493292 0.0655195 1.91366 
0.786835 0.5971 -0.11643 1.53741 
1.06832 0.36912 -0.0519035 2.02462 
1.08668 0.318157 0.00529122 2.0531 
0.998441 0.497651 0.0676136 1.90813 
1.05654 0.383063 0.117035 2.00506 
0.999433 0.495829 0.0719326 1.90988 
0.995113 0.501388 0.0756153 1.9027 
1.06604 0.377784 0.0197334 2.02074 
1.03421 0.448978 -0.0189455 1.96993 
1.0046 0.48793 0.0739455 1.91844 
1.01969 0.369896 0.314045 1.9515 
1.00346 0.488868 0.0749991 1.91625 
1.07547 0.349197 0.0288242 2.03493 
0.93247 0.406351 -0.179236 1.75948 
1.09144 0.306054 0.0124301 2.06162 
1.01448 0.472805 0.0568351 1.93381 
1.06773 0.368366 0.024289 2.02183 
1.0933 0.256769 0.133756 2.0614 
1.00121 0.493796 0.067631 1.9128 
0.998744 0.496974 0.0705788 1.90872 
1.0001 0.495 0.0676001 1.91093 
1.00127 0.493507 0.0703566 1.91298 
0.85647 0.621884 0.0261145 1.66524 
0.802582 0.595628 -0.0125439 1.55278 
1.10179 0.250542 0.0885334 2.0736 
1.0827 0.323445 0.0437617 2.04584 
1.00384 0.489326 0.0707559 1.91707 
1.11511 0.180122 0.0934619 2.09873 
1.102 0.26241 -0.00694266 2.0749 
0.997541 0.498726 0.0735492 1.90695 
1.00816 0.483086 0.0702182 1.92434 
1.06986 0.366357 0.0192204 2.02626 
1.01869 0.435372 0.191796 1.9436 
1.09569 0.240718 0.15063 2.06636 
1.07886 0.342674 0.0108034 2.0409 
1.05159 0.380867 0.136685 1.99438 
1.00087 0.494208 0.0677544 1.9122 
1.00068 0.426029 -0.0244121 1.8974 
1.00566 0.486349 0.0739902 1.9202 
1.07041 0.3676 0.0240915 2.0282 
1.07518 0.321851 0.0897379 2.02906 
1.07785 0.298355 0.136649 2.03366 
1.00947 0.481594 0.0634367 1.92632 
1.09626 0.256567 0.102682 2.06579 
0.765742 0.643161 0.0298323 1.50834 
0.917337 0.463949 -0.0533654 1.72953 
1.06984 0.361284 0.0286219 2.02486 
1.11052 0.258148 -0.0318041 2.09757 
1.00121 0.493693 0.0678599 1.91276 
1.0767 0.348675 0.0114078 2.03737 
1.09342 0.276779 0.072981 2.06135 
1.04117 0.402015 0.126237 1.97808 
1.00526 0.487543 0.0684181 1.91945 
1.00038 0.494013 0.0779558 1.91168 
1.06835 0.371797 0.01819 2.02431 
1.00928 0.481251 0.0559622 1.92526 
0.996753 0.500406 0.0676348 1.90551 
1.07284 0.360199 0.00215793 2.03159 
1.03552 0.444836 -0.0998182 1.97526 
1.02274 0.450068 0.092027 1.94604 
0.891225 0.484378 -0.068855 1.68291 
1.07056 0.36173 0.0250242 2.02669 
1.00249 0.491265 0.07485 1.91511 
0.919893 0.479786 -0.0061046 1.74137 
0.822678 0.6053 0.18093 1.60787 
0.999666 0.495132 0.0676031 1.90993 
0.997873 0.498008 0.0725943 1.90731 
0.817118 0.637538 0.0689142 1.59856 
0.943456 0.516269 -0.0676449 1.80026 
0.951594 0.5527 -0.0146136 1.82734 
0.999738 0.495551 0.067945 1.91018 
0.701921 0.633193 0.106341 1.40587 
0.962813 0.400007 -0.128454 1.81874 
0.867643 0.606508 -0.019885 1.68101 
1.06923 0.368908 0.0173867 2.02551 
0.9167 0.339521 0.472194 1.78086 
0.991439 0.506356 0.0408183 1.89489 
1.07349 0.334081 0.0903343 2.02855 
0.831992 0.570846 -0.0273181 1.59923 
0.998641 0.49646 0.0749321 1.90853 
1.00456 0.488701 0.0683797 1.91833 
0.964384 0.50965 0.194377 1.85191 
0.999305 0.492427 0.0644996 1.90836 
1.05249 0.389978 0.12267 1.99821 
0.781489 0.55674 -0.0167384 1.4951 
1.00021 0.495336 0.0677855 1.9112 
1.00083 0.49405 0.0705924 1.91222 
0.995307 0.50175 0.0734889 1.90318 
0.939297 0.451317 -0.0376231 1.77354 
1.00724 0.485198 0.0570274 1.92236 
1.04807 0.388279 0.129117 1.9874 
0.815063 0.545392 -0.0344842 1.55442 
0.947196 0.412777 -0.138989 1.7893 
1.00336 0.491067 0.0652694 1.9164 
0.990912 0.488346 0.157683 1.89599 
1.0885 0.314117 0.0107409 2.05635 
0.99964 0.495041 0.067749 1.90982 
0.534645 0.59288 0.0556144 1.0833 
0.623154 0.56737 0.276502 1.25703 
1.07004 0.344606 0.0999366 2.024 
0.880497 0.502516 -0.155267 1.68164 
0.995828 0.474907 0.0477242 1.89618 
1.06549 0.381512 -0.00115438 2.02047 
0.99435 0.503181 0.0709753 1.90146 
0.877892 0.599311 -0.025863 1.69878 
0.828184 0.535325 -0.0391803 1.57577 
1.02199 0.457785 0.0806197 1.94666 
0.871172 0.510735 0.370757 1.703 
0.999594 0.494205 0.0673377 1.9095 
0.99993 0.482305 0.141224 1.91196 
1.05308 0.351388 0.174329 1.99311 
0.961582 0.379429 -0.0232112 1.79953 
0.952813 0.53447 -0.038133 1.82257 
0.999121 0.497321 0.0662467 1.90935 
0.798521 0.548724 -0.0284198 1.52365 
1.00114 0.494428 0.0684538 1.913 
0.999172 0.496335 0.069367 1.90933 
0.993842 0.503438 0.0766758 1.90082 
1.06297 0.33743 0.167455 2.01211 
0.882814 0.540064 0.304467 1.71968 
1.00079 0.495342 0.068468 1.91262 
1.00388 0.488419 0.0392885 1.91658 
0.780003 0.554313 0.298246 1.52529 
0.862321 0.538331 0.238172 1.66291 
1.09116 0.275576 0.101873 2.05764 
0.899261 0.44161 -0.209447 1.70601 
0.990307 0.507964 0.0808794 1.89509 
1.07341 0.356552 -0.013548 2.03188 
1.09507 0.279679 0.0554988 2.06528 
1.06922 0.369531 -0.013897 2.02576 
0.999883 0.495339 0.0719879 1.91071 
1.01906 0.467605 0.0223511 1.94127 
0.656979 0.647561 0.137434 1.32679 
1.0073 0.483433 0.0724025 1.92261 
1.02737 0.402393 0.223374 1.9575 
0.927195 0.523814 0.240397 1.78622 
0.785138 0.648151 0.0447445 1.54344 
1.06492 0.379867 0.0217135 2.01867 
1.027 0.4461 0.0824149 1.95379 
1.00198 0.48958 0.0899969 1.91432 
1.00875 0.483829 0.0519133 1.92514 
1.06274 0.385674 0.023945 2.01535 
1.02911 0.44844 0.0421458 1.95751 
1.00566 0.41816 0.127294 1.91104 
1.00726 0.49029 0.0441867 1.92357 
0.894343 0.522711 0.237579 1.72172 
0.541885 0.566792 0.187319 1.10154 
0.99517 0.492265 0.0253876 1.89658 
1.01021 0.484244 0.0433398 1.92836 
1.06569 0.328565 0.180008 2.01836 
0.998258 0.498019 0.0672468 1.90786 
1.02607 0.444103 0.0880756 1.95113 
1.00345 0.48656 0.0879078 1.91617 
1.01445 0.472764 0.0676437 1.93437 
1.05572 0.384741 0.10572 2.00242 
1.09485 0.286176 0.0318093 2.06526 
1.09103 0.300464 0.0180092 2.05967 
1.00239 0.492637 0.0644511 1.91483 
0.911223 0.46875 -0.160449 1.73418 
1.00748 0.484066 0.0658705 1.92288 
0.723842 0.580453 0.0294186 1.40209 
0.997646 0.498782 0.0674159 1.90679 
0.926255 0.52613 0.252372 1.78874 
0.995702 0.501929 0.0694557 1.90392 
0.902789 0.556449 0.178455 1.75106 
0.503241 0.562462 0.125291 1.02689 
0.998281 0.497788 0.0680938 1.90785 
0.581205 0.570006 0.228439 1.17567 
0.787912 0.599768 0.277839 1.55898 
0.915692 0.587419 0.0933227 1.77195 
1.05863 0.348485 0.160279 2.00384 
1.06491 0.325249 0.171983 2.0141 
1.00038 0.494726 0.0693815 1.9114 
1.06346 0.3825 0.0268693 2.01613 
1.09478 0.231955 0.159471 2.06378 
1.07277 0.313009 0.144396 2.02598 
1.00039 0.495227 0.0672444 1.9115 
1.06652 0.376769 0.0022289 2.02141 
0.936506 0.563637 0.111753 1.80559 
1.0968 0.217397 0.155845 2.06543 
1.00058 0.494417 0.0704535 1.9118 
1.06473 0.375929 0.0266459 2.01703 
0.999424 0.495825 0.0698907 1.90971 
0.861528 0.573496 -0.0402109 1.65887 
0.554893 0.59731 0.139175 1.1319 
0.69528 0.62345 0.0156043 1.38204 
1.01696 0.445854 0.180822 1.94206 
0.999767 0.495452 0.0673469 1.91023 
0.919776 0.486145 -0.0352046 1.74129 
0.999451 0.49451 0.0669927 1.90927 
0.514791 0.562206 0.15587 1.05057 
0.847864 0.623368 0.00545667 1.6476 
0.998156 0.471074 0.0402189 1.90056 
0.883853 0.539876 -0.0509938 1.69198 
1.08872 0.317564 0.0212564 2.05896 
0.838505 0.528468 -0.0465964 1.5937 
0.75881 0.567849 0.0349751 1.45615 
1.10166 0.210018 0.138644 2.07773 
0.876808 0.543084 -0.0480595 1.67754 
0.76586 0.559741 -0.0095934 1.46636 
0.996917 0.498604 0.0808002 1.90598 
0.999342 0.495778 0.0655317 1.90934 
1.01957 0.467058 0.0502012 1.9431 
1.00112 0.491328 0.0833917 1.91256 
1.00118 0.494173 0.0671741 1.91288 
0.562345 0.612125 0.12741 1.15167 
0.429183 0.547297 0.0372005 0.897607 
1.0702 0.319591 0.151295 2.02239 
1.06257 0.386376 0.000734992 2.0149 
1.03573 0.448457 -0.077461 1.97497 
1.07479 0.296274 0.190548 2.03309 
1.02945 0.419282 0.187123 1.96215 
1.06907 0.355517 0.0957171 2.02467 
0.904998 0.506211 -0.0222637 1.71806 
1.00606 0.486072 0.0708598 1.9208 
0.999824 0.495334 0.0707283 1.91048 
1.06278 0.384215 0.0267021 2.015 
1.0743 0.356982 0.0274205 2.03445 
0.996496 0.50026 0.0727774 1.90519 
1.07734 0.301786 0.179855 2.04132 
1.00271 0.491964 0.0651599 1.9153 
0.999672 0.495655 0.069489 1.91019 
1.00081 0.494061 0.0703088 1.91216 
0.873731 0.61197 -0.00793679 1.69415 
1.05254 0.394815 0.100774 1.99768 
0.809169 0.639519 0.0304678 1.583 
0.84399 0.630454 -0.00310263 1.64659 
1.06442 0.337728 0.158203 2.01572 
0.782319 0.584809 -0.00406262 1.51206 
0.899125 0.479366 0.40606 1.76034 
1.00734 0.48506 0.0614732 1.92273 
0.990438 0.507464 0.0332749 1.89304 
1.01836 0.473905 0.0103183 1.9424 
0.715026 0.600766 -0.058899 1.40023 
1.01974 0.436012 0.167585 1.94238 
1.00618 0.485535 0.0726087 1.92095 
1.06748 0.326219 0.147168 2.017 
0.988079 0.511357 0.0543311 1.88995 
1.07571 0.303304 0.179676 2.03492 
0.81437 0.573977 0.281298 1.59643 
1.06404 0.378197 0.0267768 2.0161 
1.08953 0.28901 0.0512128 2.05352 
0.998446 0.497863 0.0667627 1.9082 
1.05017 0.416344 -0.0270573 1.99581 
1.09089 0.231413 0.172093 2.05706 
0.977401 0.52572 -0.00405276 1.87161 
1.02132 0.444202 0.156113 1.94795 
0.985072 0.517419 0.0619606 1.8865 
1.00892 0.483238 0.0545133 1.92534 
0.9936 0.504088 0.080544 1.90087 
1.00139 0.489439 0.0936371 1.91317 
1.06662 0.333574 0.154822 2.01811 
1.05147 0.41255 -0.00897421 1.99712 
0.999915 0.495224 0.0704146 1.91062 
1.04873 0.406576 0.0587437 1.98937 
0.992833 0.505346 0.0630114 1.89846 
0.900282 0.386998 0.433113 1.73945 
1.07375 0.357679 0.0220919 2.03319 
0.882845 0.443216 0.426628 1.71569 
1.10324 0.253202 0.205386 2.10102 
0.785817 0.643373 -0.0325791 1.54954 
1.04705 0.372787 0.201927 1.99472 
0.94995 0.352867 0.42135 1.8209 
0.846276 0.541109 -0.0371467 1.61655 
1.02006 0.428702 -0.0907859 1.94068 
1.06414 0.25141 0.290213 2.01866 
0.977013 0.473191 -0.0514175 1.8544 
1.08584 0.320485 0.00462323 2.05225 
1.00572 0.482712 0.0886343 1.91981 
0.75628 0.652562 -0.00478427 1.50311 
0.936785 0.426893 -0.0177402 1.75764 
1.00562 0.493671 0.0432916 1.92169 
1.04937 0.417196 -0.0167302 1.99389 
1.00737 0.485355 0.0640336 1.92313 
0.996004 0.499864 0.0795102 1.90434 
0.788568 0.579416 -0.0113217 1.52231 
0.874138 0.571765 -0.0422173 1.68375 
0.923008 0.524902 -0.0383036 1.76385 
0.836115 0.547544 -0.032442 1.59726 
1.00942 0.433107 -0.0704043 1.9185 
0.538055 0.573396 0.155337 1.093 
0.606099 0.569978 0.220841 1.21122 
0.957978 0.518493 -0.0492119 1.82949 
0.967641 0.462417 0.163478 1.84324 
0.676066 0.544448 0.280278 1.33068 
0.58984 0.572206 0.20966 1.18379 
0.817003 0.61824 0.118371 1.59838 
0.91475 0.445225 -0.188066 1.73696 
0.536336 0.57718 0.147388 1.09032 
0.994527 0.502244 0.0795283 1.90205 
1.07248 0.278085 0.233312 2.03608 
0.949965 0.396088 -0.0571811 1.77853 
0.877874 0.391863 0.477799 1.71892 
0.949232 0.355191 0.263013 1.79361 
1.09178 0.222427 0.0647715 2.0667 
0.859355 0.376704 0.468823 1.66431 
0.742139 0.47257 0.396654 1.44497 
0.727534 0.551461 0.327984 1.43429 
0.772114 0.558765 0.261281 1.49888 
0.867359 0.485658 0.147274 1.63154 
0.678761 0.50774 0.344674 1.33691 
0.726065 0.527859 0.347408 1.43241 
1.04647 0.40111 -0.139859 1.99056 
0.965285 0.25827 -0.146091 1.78836 
1.13107 0.101131 0.0600513 2.1556 
1.04486 0.132457 0.407698 2.02098 
0.965494 0.328646 0.418241 1.86777 
0.830055 0.542754 -0.163689 1.59834 
0.845374 0.501226 -0.196019 1.61274 
0.919554 0.377065 -0.22335 1.72984 
0.959035 0.320892 -0.198091 1.79787 
0.997809 0.493011 0.106348 1.90778 
0.966644 0.516175 0.154501 1.85316 
0.97919 0.499019 0.175866 1.87716 
1.00911 0.423077 0.285865 1.93828 
0.897488 0.587245 -0.0330457 1.73129 
0.90586 0.588648 -0.0139548 1.74738 
0.907635 0.56198 -0.0407587 1.74402 
0.726151 0.62469 0.224224 1.44592 
1.04287 0.429747 -0.0601192 1.9845 
0.993748 0.319836 -0.0611726 1.86149 
0.956004 0.546893 0.08209 1.83676 
0.953668 0.549028 0.108602 1.83539 
0.942358 0.559556 0.09051 1.81398 
0.853774 0.448451 0.375981 1.65467 
0.865117 0.625394 0.0772593 1.68806 
0.88449 0.606324 0.125538 1.72082 
0.843753 0.629131 0.109892 1.6505 
0.882428 0.540376 0.280984 1.71512 
0.864504 0.525974 0.302789 1.67932 
0.831458 0.576986 0.313222 1.64236 
0.999359 0.491101 0.119448 1.91199 
0.989793 0.496063 0.135805 1.89401 
0.986064 0.501252 0.124149 1.88622 
0.988505 0.505727 0.0967714 1.89121 
0.969155 0.486351 0.225705 1.85793 
0.969436 0.534957 0.0255965 1.85825 
0.974599 0.534001 0.0432312 1.86997 
0.959516 0.547387 0.0372373 1.84261 
0.976585 0.508881 -0.0277805 1.86419 
0.981324 0.487341 -0.033676 1.8667 
0.987033 0.499364 -0.0123655 1.88236 
0.891438 0.569492 0.205449 1.72635 
0.925772 0.547067 0.196795 1.78581 
0.894662 0.558186 0.223042 1.7309 
0.992206 0.503486 0.0451848 1.89549 
0.995392 0.503397 0.0542869 1.90271 
0.991131 0.509488 0.0478348 1.89597 
0.97051 0.535963 0.0477794 1.86173 
0.961284 0.546791 0.0653159 1.84744 
0.956419 0.550524 0.0478254 1.83767 
0.873089 0.562634 0.117962 1.68974 
0.736562 0.556831 0.0117772 1.41259 
0.742245 0.55554 0.00534158 1.4209 
0.754599 0.571662 0.0142681 1.45222 
0.94057 0.568038 0.00709609 1.81142 
0.943627 0.568268 0.031894 1.81844 
0.931462 0.577907 0.0133531 1.79713 
0.552662 0.630563 0.0589139 1.13819 
0.562056 0.617444 0.111167 1.15305 
0.535503 0.597847 0.0956586 1.09629 
0.880715 0.482183 0.0443489 1.66114 
0.852528 0.574028 0.0796871 1.64961 
0.838826 0.570106 0.0358974 1.61751 
0.926441 0.584193 0.0601663 1.79109 
0.938287 0.566722 0.0451358 1.80595 
0.932967 0.570893 0.0708562 1.79814 
0.993007 0.426309 -0.0103613 1.87466 
0.99637 0.409281 -0.00304561 1.88354 
0.71835 0.564091 0.281934 1.41566 
0.685568 0.582614 0.256106 1.36115 
0.762033 0.592562 0.291295 1.5126 
0.994018 0.495093 0.114126 1.9007 
0.992581 0.498141 0.109668 1.89832 
0.970662 0.53893 0.0111329 1.86324 
0.955487 0.552841 -0.000379361 1.83627 
0.96438 0.540102 -0.00363425 1.84944 
0.968575 0.530827 0.0701334 1.85582 
0.973933 0.527853 0.0765022 1.86713 
0.888711 0.596867 0.141302 1.72565 
0.861462 0.605369 0.175135 1.68044 
0.837092 0.624506 0.144753 1.63845 
0.990965 0.506052 0.0199302 1.89308 
0.979768 0.523472 0.0121017 1.87603 
0.986336 0.508843 0.00547028 1.88344 
0.905553 0.395064 0.286582 1.71545 
0.929701 0.554995 0.181791 1.79615 
0.890482 0.585061 0.181959 1.72935 
0.902318 0.585505 0.147957 1.74882 
0.991091 0.507987 0.0518904 1.89525 
0.912751 0.49722 0.335554 1.7709 
0.907019 0.51405 0.322754 1.76217 
0.880604 0.561013 0.258946 1.71268 
0.830856 0.604541 0.207146 1.62444 
0.820954 0.599081 0.243687 1.61077 
0.774992 0.62388 0.213142 1.5315 
0.937074 0.570338 0.0393419 1.80519 
0.921518 0.587202 0.0508365 1.78158 
0.917346 0.58779 0.0276053 1.77212 
0.982496 0.370949 -0.0708621 1.84729 
0.99167 0.339895 -0.0571534 1.86281 
0.979996 0.507076 0.141427 1.87741 
0.966921 0.528954 0.128641 1.85702 
0.980898 0.511752 0.125367 1.87975 
0.969353 0.424461 0.357543 1.8715 
0.922494 0.537033 0.228996 1.78054 
0.939418 0.533742 0.196929 1.80889 
0.943074 0.521535 0.219776 1.81568 
0.9965 0.446899 0.241935 1.90687 
0.998712 0.50123 0.0526236 1.90912 
0.995012 0.501968 0.0441657 1.90122 
0.997914 0.490973 0.0403792 1.90364 
0.966618 0.531138 0.114811 1.85571 
0.975606 0.519724 0.101593 1.86873 
0.977535 0.520162 0.115736 1.87522 
0.714809 0.528551 0.294232 1.39358 
0.723971 0.517234 0.316189 1.41324 
0.707117 0.543289 0.320439 1.39904 
0.966603 0.41307 -0.0906401 1.82363 
0.974513 0.377378 -0.0913343 1.83169 
0.977237 0.42616 -0.0588697 1.84429 
0.908582 0.593439 0.053527 1.75749 
0.885274 0.611738 0.0493079 1.7193 
0.90329 0.600873 0.0211258 1.74987 
0.949014 0.543477 0.136454 1.8252 
0.939295 0.548528 0.164372 1.81064 
0.9223 0.568983 0.143915 1.78149 
0.949523 0.558234 0.053168 1.82683 
0.957827 0.548327 0.0739366 1.84107 
0.944247 0.56068 0.0752067 1.81773 
0.663064 0.618253 0.229062 1.33686 
0.624275 0.596881 0.216421 1.25774 
0.59611 0.599685 0.190542 1.20718 
0.97623 0.525566 0.0948437 1.87267 
0.962308 0.537881 0.105835 1.84851 
0.964451 0.540023 0.08597 1.85257 
0.978953 0.528402 0.0414287 1.87695 
0.976929 0.527405 0.0259198 1.87153 
0.982733 0.520176 0.0316204 1.8812 
0.874265 0.615408 0.0713825 1.69954 
0.902838 0.597465 0.0711888 1.74862 
0.897678 0.598744 0.111134 1.74205 
0.995624 0.480219 0.0270026 1.89391 
0.994191 0.453334 0.0336096 1.88754 
0.994451 0.46926 0.033733 1.89012 
0.836788 0.544798 -0.049101 1.60221 
0.987177 0.459895 -0.0339115 1.87196 
0.990341 0.42574 -0.0250701 1.86956 
0.993154 0.483381 -0.0131435 1.8907 
0.98612 0.335108 -0.0450396 1.84837 
0.986141 0.363582 -0.026644 1.84936 
0.983612 0.407617 -0.0409531 1.85266 
0.918391 0.578712 -0.00647698 1.76846 
0.781218 0.596798 0.00420023 1.51466 
0.509266 0.581863 0.0641154 1.04262 
0.708678 0.653257 0.107064 1.41359 
0.779803 0.643469 0.12227 1.53665 
0.722336 0.645843 0.155024 1.43957 
0.985642 0.515359 0.052151 1.8862 
0.796788 0.627142 -0.000382277 1.55982 
0.815111 0.625909 0.0759006 1.59858 
0.780161 0.656185 0.044776 1.53992 
0.969345 0.487282 0.215272 1.85653 
0.979279 0.523109 0.0537943 1.87551 
0.983362 0.516351 0.0583469 1.88172 
0.978244 0.52278 0.0607649 1.87333 
0.957908 0.529996 -0.0295818 1.8296 
0.827287 0.584108 0.270445 1.62262 
0.874993 0.56091 0.284477 1.71095 
0.822193 0.584314 0.294066 1.62098 
0.78115 0.65567 0.0370779 1.54319 
0.731659 0.660748 0.0486512 1.45546 
0.762844 0.652333 0.0433578 1.51028 
0.630272 0.652089 0.0779278 1.27882 
0.574715 0.628652 0.106853 1.17959 
0.556981 0.63179 0.0727254 1.14875 
0.853733 0.580722 0.24829 1.66574 
0.871065 0.583666 0.222139 1.697 
0.883287 0.568505 0.238914 1.71748 
0.971726 0.516422 -0.0240841 1.85437 
0.983656 0.506987 -0.0110381 1.87669 
0.970534 0.526554 -0.0150726 1.85595 
0.606234 0.624483 0.166454 1.23496 
0.661801 0.62669 0.221419 1.33882 
0.588766 0.608867 0.173865 1.19985 
0.568551 0.584116 0.170737 1.14768 
0.588375 0.578693 0.194623 1.18097 
0.561016 0.574085 0.180387 1.13225 
0.750539 0.522553 0.305604 1.46187 
0.822677 0.469452 0.301992 1.57174 
0.783935 0.48657 0.345517 1.52522 
0.750196 0.581042 0.0210687 1.4486 
0.76807 0.609925 0.0299448 1.49986 
0.742269 0.575304 0.0230976 1.43052 
0.994414 0.503016 0.0384843 1.89991 
0.995117 0.504637 0.0332601 1.90203 
0.995733 0.485721 0.033541 1.89683 
0.834129 0.630074 0.029398 1.62546 
0.855197 0.624496 0.0516186 1.66528 
0.82445 0.635735 0.0493412 1.61085 
0.942924 0.486067 -0.0783542 1.78825 
0.734122 0.559742 0.0127696 1.40959 
0.751711 0.576285 0.0197381 1.44846 
0.740398 0.576079 0.0232014 1.42822 
0.951634 0.559963 0.005556 1.83162 
0.964746 0.54152 0.0133449 1.85095 
0.95081 0.557644 0.026548 1.82823 
0.712894 0.544583 0.0267092 1.36647 
0.724477 0.545709 0.0170121 1.38743 
0.732803 0.566541 0.023932 1.41053 
0.860518 0.574115 0.272994 1.6841 
0.791596 0.645214 0.099786 1.55758 
0.749482 0.654251 0.0717099 1.48364 
0.802872 0.647146 0.0635691 1.57757 
0.995815 0.481951 0.0448984 1.89741 
0.896554 0.501949 0.346532 1.74378 
0.942425 0.459536 0.335155 1.81673 
0.917555 0.467078 0.368728 1.77959 
0.979892 0.521113 0.0192949 1.87508 
0.991726 0.508047 0.0237486 1.89617 
0.984824 0.515985 0.0292527 1.88397 
0.759078 0.57126 0.00703911 1.46048 
0.878945 0.474355 0.294673 1.68378 
0.896757 0.518764 0.262501 1.73113 
0.919344 0.460683 0.244575 1.75386 
0.995717 0.492536 0.0188814 1.89808 
0.994367 0.48758 0.00384443 1.89359 
0.993718 0.436246 0.00872174 1.88173 
0.966558 0.464701 0.28961 1.85952 
0.95611 0.486805 0.272893 1.84034 
0.984279 0.466687 0.243572 1.88758 
0.982166 0.520595 0.047291 1.88054 
0.981064 0.516071 0.101803 1.8796 
0.990663 0.50568 0.1049 1.89711 
0.984599 0.512743 0.110066 1.8871 
1.00012 0.469364 0.168354 1.91057 
0.802322 0.639828 0.0150376 1.57261 
0.819027 0.63896 0.0205048 1.60289 
0.966641 0.542327 0.0654954 1.85732 
0.972778 0.532392 0.0524971 1.86526 
0.971932 0.528827 0.0636727 1.86206 
0.801463 0.636604 0.143869 1.57667 
0.840944 0.609579 0.191606 1.64506 
0.772963 0.635097 0.178446 1.5279 
0.682013 0.602743 0.247904 1.36449 
0.706571 0.621023 0.252824 1.41834 
0.757631 0.604181 0.279783 1.50776 
0.84497 0.540058 0.341908 1.65602 
0.64294 0.566033 0.238178 1.27344 
0.87402 0.611371 0.0247064 1.69425 
0.8895 0.605786 0.0152111 1.7233 
0.95806 0.437081 -0.0797021 1.80695 
0.976815 0.452544 -0.0563297 1.8492 
0.962652 0.477942 -0.0671055 1.8272 
0.944949 0.503052 0.284021 1.82645 
0.941254 0.480509 0.303076 1.81357 
0.92483 0.515071 0.29293 1.79083 
0.997892 0.482391 0.133096 1.90603 
0.669986 0.633477 0.209889 1.35406 
0.627359 0.637674 0.162403 1.27725 
0.69771 0.638842 0.184966 1.39741 
0.789966 0.62743 0.0059252 1.54668 
0.784102 0.65138 0.0216451 1.54542 
0.77072 0.61427 0.0133354 1.50434 
0.867347 0.622325 0.0453863 1.68867 
0.844697 0.62484 0.0217933 1.64293 
0.864403 0.616996 0.017489 1.67798 
0.986048 0.392918 -0.0124479 1.8602 
0.770732 0.652272 0.0309046 1.52179 
0.766485 0.639728 0.0371869 1.50897 
0.76414 0.619324 0.0207661 1.49387 
0.843109 0.629679 0.0591502 1.64433 
0.811206 0.638684 0.0930756 1.5897 
0.814491 0.639799 0.0612552 1.59437 
0.958062 0.54563 -0.0142898 1.8379 
0.961431 0.370606 -0.126496 1.80485 
0.986794 0.510907 0.0400807 1.8861 
0.989387 0.513061 0.0450505 1.8935 
0.951877 0.523916 0.189484 1.82996 
0.978052 0.494269 0.190955 1.87509 
0.963036 0.510048 0.2054 1.85152 
0.989439 0.483628 0.170508 1.89245 
0.986393 0.487215 0.148386 1.88343 
0.996858 0.484064 0.155259 1.90766 
0.531823 0.571266 0.0396224 1.06675 
0.861819 0.521009 0.345216 1.6801 
0.892648 0.486244 0.378016 1.73905 
0.85223 0.520096 0.384605 1.67332 
1.00431 0.478203 0.145263 1.92097 
0.824981 0.526561 0.299929 1.60093 
0.754725 0.554392 0.303937 1.48169 
0.78661 0.582886 0.302162 1.55517 
0.645583 0.645956 0.152172 1.31077 
0.657627 0.654146 0.107303 1.32821 
0.689371 0.6436 0.162153 1.38168 
0.937926 0.509856 0.241895 1.8031 
0.761996 0.650986 0.0509586 1.50236 
0.781877 0.650151 0.0411764 1.5386 
0.792356 0.644828 0.0529039 1.55502 
0.895447 0.485991 0.20461 1.69704 
0.994238 0.440305 0.0176768 1.88333 
0.998499 0.45379 0.0279156 1.8976 
0.738236 0.573197 0.049973 1.42628 
0.714743 0.557538 0.0346238 1.37371 
0.910621 0.535208 0.254678 1.76004 
0.763337 0.60781 0.27107 1.51641 
0.80337 0.594816 0.269686 1.58223 
0.787312 0.59653 0.282462 1.55789 
0.908828 0.588756 0.104715 1.75919 
0.912715 0.588505 0.0795593 1.76486 
0.927547 0.578659 0.0894711 1.7923 
0.95049 0.552703 0.122009 1.83195 
0.916686 0.580642 0.115909 1.77268 
0.936014 0.567059 0.0992659 1.80512 
0.571416 0.613641 0.133275 1.1671 
0.554127 0.59201 0.150762 1.12894 
0.534143 0.584082 0.129238 1.08865 
0.864123 0.61664 0.00628429 1.67654 
0.996286 0.470003 0.0393509 1.89583 
0.744724 0.572272 0.0308245 1.43553 
0.758405 0.594125 0.049961 1.47102 
0.739355 0.564247 0.0405746 1.42653 
0.538816 0.595247 0.112798 1.10107 
0.525922 0.585296 0.110956 1.07507 
0.798363 0.64492 0.0297304 1.56613 
0.820511 0.63396 0.0211922 1.60106 
0.806511 0.639082 0.0411802 1.57753 
0.841466 0.504751 0.408298 1.65427 
0.990122 0.506826 0.0305028 1.89197 
0.992495 0.504935 0.0364013 1.89664 
0.986646 0.511789 0.0343862 1.88616 
0.983197 0.52059 -0.00411727 1.88233 
0.976457 0.530223 0.00600187 1.87188 
0.973356 0.530293 -0.00768342 1.8647 
0.982016 0.519418 0.0665944 1.88073 
0.968378 0.491913 -0.0574549 1.8424 
0.972353 0.507191 -0.0458468 1.85648 
0.774824 0.641942 -0.0219659 1.52899 
0.545261 0.577947 0.153655 1.10535 
0.663908 0.562124 0.280365 1.32289 
0.56581 0.572284 0.191748 1.1426 
0.753952 0.646689 0.0994531 1.49428 
0.519448 0.569556 0.130985 1.05575 
0.707848 0.553417 0.344281 1.41579 
0.956972 0.529128 0.161847 1.83924 
0.95885 0.537294 0.13492 1.84398 
0.97734 0.509247 0.150346 1.8737 
0.965976 0.509048 0.181847 1.85283 
0.983562 0.497163 0.155911 1.88295 
0.980935 0.490342 0.180286 1.87752 
0.802268 0.599709 0.262558 1.58079 
0.731924 0.628725 0.238597 1.46497 
0.735191 0.632299 0.208002 1.46378 
0.999356 0.108214 0.428343 1.89565 
1.00722 0.485757 -0.0011929 1.92225 
0.99822 0.420273 -0.000243349 1.89146 
1.00608 0.465645 -0.00224076 1.9158 
0.86912 0.616776 0.117481 1.69461 
0.847592 0.630799 0.0931428 1.6574 
0.870266 0.614404 0.104544 1.69336 
0.986111 0.508697 0.0945103 1.88689 
0.980502 0.501918 -0.026899 1.87033 
1.02114 0.462833 -0.0572591 1.94818 
0.779819 0.446342 0.464189 1.54649 
0.800496 0.489803 0.402613 1.5694 
0.840453 0.421314 0.450632 1.63806 
0.989682 0.510147 0.0730441 1.89415 
0.99036 0.509506 0.0674415 1.89502 
0.992134 0.50634 0.0735461 1.89802 
0.927793 0.54832 0.211621 1.79469 
0.896924 0.562311 0.214787 1.73614 
0.915639 0.556442 0.206246 1.77135 
0.984577 0.519863 0.0728048 1.88725 
0.979396 0.521089 0.0789917 1.87633 
0.492781 0.559441 0.0965945 1.00389 
0.863951 0.526696 0.0472321 1.64717 
0.913026 0.496162 0.276136 1.75212 
1.01238 0.363878 0.34274 1.94258 
0.885802 0.498138 0.379329 1.73752 
0.992903 0.457536 -0.00425615 1.88189 
0.989635 0.489874 -0.00518132 1.88423 
0.991742 0.474014 -0.0088945 1.88389 
0.982316 0.516054 0.0906742 1.88143 
0.986833 0.51435 0.0813596 1.89028 
0.988911 0.509036 0.0870584 1.89293 
0.99315 0.506714 0.0588741 1.8996 
0.693948 0.462044 0.426885 1.37578 
0.683452 0.495311 0.4099 1.36624 
0.756912 0.517059 0.398185 1.50118 
1.01399 0.480557 0.025875 1.93425 
0.99728 0.494643 0.0584113 1.90408 
0.879226 0.335266 0.492892 1.70496 
0.868904 0.363666 0.495387 1.6929 
0.891735 0.376118 0.467577 1.72586 
0.997732 0.487354 0.0550807 1.90294 
0.99709 0.497112 0.0565408 1.90451 
0.9952 0.493943 0.0529371 1.89911 
0.921695 0.533424 -0.04727 1.76343 
0.919431 0.567601 -0.0407766 1.76924 
0.911884 0.536798 -0.05132 1.74522 
0.994785 0.282234 0.372906 1.88733 
0.996695 0.487851 0.0493841 1.90072 
0.782055 0.37326 0.413413 1.51812 
0.588375 0.479951 0.249735 1.14774 
0.734157 0.517669 0.354921 1.46356 
0.847708 0.616208 0.161374 1.65713 
0.869132 0.608996 0.141729 1.69263 
0.876594 0.601221 0.154574 1.70522 
0.990627 0.511979 0.0157006 1.89548 
0.983823 0.51603 0.0122236 1.8816 
0.921717 0.561348 -0.0393535 1.77179 
0.895482 0.5851 0.163539 1.73638 
0.913721 0.571905 0.168716 1.76862 
0.912844 0.566619 0.184473 1.76648 
0.866521 0.567091 0.257323 1.68611 
0.829958 0.44419 0.455121 1.6254 
0.995742 0.501846 0.0616871 1.90346 
0.795922 0.612966 0.23067 1.56815 
0.815975 0.60988 0.212319 1.5998 
0.833791 0.598221 0.225668 1.63071 
0.9891 0.232957 0.421067 1.88423 
0.975603 0.246417 0.462941 1.87743 
0.977076 0.393912 -0.0570008 1.83664 
0.893178 0.533529 -0.0534683 1.70604 
0.802981 0.626914 -0.121168 1.58018 
0.805073 0.638442 -0.0653393 1.58665 
0.78517 0.633329 -0.102494 1.55164 
1.00879 0.484107 0.0109772 1.92488 
1.01321 0.489324 0.0243273 1.9359 
1.00239 0.472414 0.0201478 1.91015 
0.992445 0.505218 0.07089 1.89799 
0.877518 0.419151 0.433423 1.70387 
0.92932 0.561008 0.15483 1.79413 
0.939907 0.55166 0.13687 1.80923 
0.94382 0.546555 0.144153 1.81629 
0.884813 0.60374 -0.00637111 1.71143 
0.986912 0.513385 0.0720771 1.88925 
0.986305 0.517428 0.068876 1.88971 
0.988495 0.511675 0.0661145 1.89164 
0.994804 0.454848 0.0303595 1.8883 
0.87095 0.519538 -0.0074831 1.65984 
0.885687 0.505518 0.00354087 1.68152 
0.855238 0.511036 -0.0528233 1.61853 
0.991345 0.469628 -0.0187253 1.88241 
0.987528 0.481228 -0.0218537 1.87781 
0.989558 0.445187 -0.0259585 1.87318 
0.924187 0.504774 -0.0498423 1.75932 
0.90735 0.504547 -0.0540939 1.7235 
0.917865 0.483444 -0.0531126 1.73934 
0.985674 0.385235 -0.0303788 1.85226 
0.98357 0.362084 -0.045156 1.84452 
0.986449 0.346206 -0.0296031 1.84869 
0.931668 0.568729 -0.00943209 1.79181 
1.04205 0.430952 -0.130139 1.98926 
0.507692 0.581301 0.0735733 1.04058 
0.517623 0.585633 0.0818605 1.05967 
0.748773 0.64749 0.13756 1.4848 
0.712001 0.650443 0.132782 1.42111 
0.750857 0.651698 0.115824 1.48867 
0.814168 0.643983 0.0345733 1.60087 
0.635869 0.55151 0.246117 1.26711 
0.678278 0.610004 0.204702 1.3666 
1.02324 0.484651 -0.0181124 1.95739 
1.01987 0.48412 -0.00823027 1.94994 
0.995551 0.502676 0.0558508 1.90318 
0.996872 0.502122 0.0582974 1.90589 
0.994936 0.504764 0.0592332 1.90282 
1.01587 0.180417 0.416001 1.93983 
1.02877 0.252565 0.384719 1.96196 
1.04457 0.184389 0.353738 1.97703 
1.11992 0.0569 0.225919 2.14301 
1.03327 0.119631 0.394875 1.97205 
1.07032 0.171776 0.325703 2.03599 
1.03442 0.234386 0.330264 1.95203 
0.994926 0.422204 0.00146934 1.88431 
1.00775 0.483729 0.00595274 1.92454 
0.995791 0.445714 0.0152859 1.89097 
0.914039 0.478711 -0.057867 1.72977 
0.736477 0.658648 0.0419671 1.46323 
0.777835 0.654918 0.0410154 1.53782 
0.774039 0.656788 0.0397812 1.53009 
0.577336 0.633779 0.0984364 1.18736 
0.602141 0.647863 0.0772426 1.23193 
0.600153 0.640883 0.0938205 1.22552 
0.863314 0.582308 0.232398 1.68256 
0.746968 0.585798 0.0242861 1.44331 
0.99515 0.502994 0.0383475 1.90131 
1.03284 0.193548 0.406434 1.97937 
0.94965 0.185174 0.502877 1.83384 
0.987743 0.268088 0.445616 1.89982 
0.725876 0.551034 0.0193706 1.39262 
0.989068 0.513128 0.064927 1.8937 
0.777539 0.64843 0.0670899 1.53044 
0.792555 0.645728 0.0863702 1.55799 
0.769912 0.652558 0.0900112 1.52131 
0.985216 0.306835 -0.124821 1.84725 
0.994232 0.289093 -0.104771 1.85713 
0.988609 0.317925 -0.0832009 1.84757 
0.991794 0.506571 0.0776394 1.89765 
0.991805 0.505173 0.0758547 1.89682 
0.993466 0.475956 0.0154891 1.88746 
0.996811 0.462128 0.00951652 1.89269 
1.02589 0.380475 -0.111253 1.94458 
1.02577 0.441681 -0.120808 1.95435 
1.01182 0.390773 -0.0878082 1.91427 
0.447656 0.530636 0.0727129 0.912718 
0.414749 0.517464 0.0480463 0.857508 
0.469095 0.550511 0.0626768 0.959638 
0.503653 0.568702 0.0927543 1.02733 
0.467142 0.546357 0.0745574 0.953959 
0.481889 0.556888 0.0737132 0.98461 
0.81124 0.619501 0.18732 1.5915 
0.785452 0.633865 0.160874 1.54663 
0.818379 0.624159 0.171708 1.60589 
0.939837 0.308715 0.48363 1.82245 
0.932551 0.355077 0.453326 1.79816 
0.98364 0.3009 0.424127 1.88294 
0.851122 0.561374 -0.141231 1.64621 
1.07997 0.198674 0.26124 2.04445 
1.02729 0.467173 -0.0760326 1.96244 
0.851553 0.522012 -0.0672632 1.61972 
0.819352 0.593865 -0.0609636 1.59202 
0.821775 0.587651 -0.0971792 1.59371 
1.00202 0.471626 0.0267577 1.90905 
0.890603 0.516246 -0.0182758 1.69317 
1.01493 0.465165 -0.0455751 1.93662 
1.0204 0.471103 -0.0315744 1.94629 
1.01562 0.481221 -0.0286576 1.93995 
0.930331 0.439419 0.40394 1.80801 
0.990509 0.390306 0.378113 1.91358 
0.94237 0.398682 0.415815 1.82044 
0.997567 0.39031 0.277817 1.89898 
0.666631 0.642251 0.176673 1.34684 
0.685451 0.637132 0.197079 1.37897 
0.649931 0.63826 0.188236 1.31953 
0.538217 0.553348 0.0756186 1.06001 
0.730293 0.545382 0.0209018 1.40289 
0.715708 0.567716 0.0483834 1.38839 
0.774915 0.622601 0.223785 1.54064 
0.854906 0.549783 0.266075 1.65423 
0.792393 0.560667 0.318398 1.56584 
0.752656 0.570102 -0.104595 1.45428 
0.997455 0.388268 -0.017696 1.88424 
0.998482 0.417725 -0.0332264 1.89111 
1.00765 0.464461 -0.0214591 1.92177 
0.760634 0.632527 0.0285373 1.4959 
0.772689 0.648313 0.0277854 1.52428 
0.768161 0.64945 0.0313197 1.51593 
0.924398 0.477403 -0.0535389 1.74997 
0.831945 0.611472 0.133587 1.62693 
0.847598 0.575664 0.224982 1.64801 
0.791716 0.628915 0.187091 1.56394 
0.831239 0.633932 0.0623251 1.62378 
0.876998 0.27443 0.491275 1.69109 
0.901107 0.373571 0.467126 1.75443 
0.952008 0.3247 0.458289 1.84185 
0.599472 0.597894 0.0662767 1.18711 
0.609172 0.616191 0.075272 1.22114 
0.473276 0.560453 0.0471408 0.974738 
0.876735 0.583251 -0.0365591 1.69035 
0.990921 0.506868 0.0831366 1.89616 
0.988647 0.510002 0.0791103 1.89209 
0.99185 0.506316 0.079507 1.89779 
0.672675 0.648651 0.135843 1.35282 
0.657809 0.645508 0.151769 1.32943 
0.639293 0.648414 0.123927 1.29723 
0.790389 0.644131 0.0436118 1.5502 
0.78245 0.647141 0.0482463 1.53774 
0.781059 0.649295 0.0436358 1.53637 
0.998426 0.479234 0.0215304 1.9 
0.994848 0.457595 0.0196402 1.88713 
0.718785 0.569734 0.0241527 1.38516 
0.734916 0.582347 0.0252639 1.42264 
0.731404 0.580755 0.0394103 1.41863 
0.869138 0.584148 0.148359 1.69222 
0.93135 0.504728 0.155057 1.78292 
0.894933 0.553754 0.216277 1.73966 
0.725308 0.57628 0.0420348 1.39421 
0.752249 0.565257 0.038361 1.44831 
0.765534 0.571137 0.0313109 1.46897 
0.457209 0.540133 0.0551868 0.942193 
0.431021 0.536668 0.0624087 0.898482 
0.551647 0.588438 0.0211837 1.10014 
0.859285 0.470313 0.42097 1.67818 
0.993385 0.503884 0.0828323 1.90043 
0.9402 0.374431 0.406354 1.81278 
0.898524 0.452349 0.406554 1.7449 
0.90444 0.422001 0.434904 1.7568 
0.860231 0.461168 0.43475 1.68179 
0.766549 0.631349 -0.0654647 1.50892 
0.976069 0.331046 0.402992 1.86623 
0.983523 0.341068 0.379595 1.87842 
1.02878 0.454662 -0.111298 1.96548 
1.02674 0.461515 -0.101518 1.96106 
0.976358 0.488451 -0.0529779 1.85865 
1.0179 0.461655 -0.0800263 1.94108 
1.00088 0.405506 -0.0551809 1.89179 
1.01182 0.403806 -0.0713564 1.91803 
0.971648 0.486124 0.229755 1.87436 
0.807999 0.644667 0.11165 1.59746 
0.773925 0.638105 0.145479 1.52839 
0.851758 0.374896 0.466326 1.65752 
0.836113 0.316247 0.457289 1.59852 
0.87464 0.381392 0.463427 1.69218 
0.722823 0.526387 0.353395 1.42847 
0.983587 0.304889 -0.137668 1.84351 
1.01757 0.20792 0.33468 1.91555 
1.01586 0.291372 0.346933 1.92992 
0.925981 0.276563 0.43224 1.79253 
0.883159 0.440759 0.427641 1.74049 
0.962114 0.530484 0.147403 1.84946 
0.912102 0.581042 -0.0347747 1.75765 
0.888752 0.596239 -0.0261955 1.71774 
0.891256 0.580862 -0.0387943 1.71792 
0.895159 0.597744 -0.0187503 1.73031 
0.916734 0.581368 -0.0261046 1.76698 
0.903923 0.591421 0.00191847 1.74483 
0.907547 0.54998 -0.047538 1.74059 
0.916017 0.572 -0.0372563 1.76292 
0.895707 0.562612 -0.0436346 1.72149 
0.74846 0.617713 0.240162 1.48551 
0.768136 0.614457 0.242732 1.52026 
0.994309 0.346092 -0.054059 1.86732 
0.980578 0.314582 -0.0882328 1.83294 
0.994444 0.331353 -0.064931 1.8626 
0.848268 0.630642 0.0703611 1.65657 
0.885601 0.605957 0.112702 1.72121 
0.894106 0.595281 0.121642 1.73344 
0.830335 0.631966 0.11499 1.62614 
0.837139 0.633032 0.0949225 1.63807 
0.859841 0.619749 0.121701 1.67805 
0.98197 0.476485 -0.0413246 1.86534 
0.98471 0.490967 -0.0280696 1.87547 
0.975771 0.492805 -0.0399436 1.85688 
0.881963 0.581462 0.20252 1.71332 
0.906422 0.565378 0.206017 1.75657 
0.886572 0.571564 0.211822 1.71903 
0.928855 0.541785 0.197737 1.78982 
0.936093 0.540402 0.193474 1.80437 
0.91234 0.546643 0.226121 1.76316 
0.865423 0.524801 0.0844248 1.64973 
0.907831 0.507392 0.102346 1.73596 
0.924458 0.582255 0.0219573 1.78423 
0.534813 0.59988 0.0737767 1.09545 
0.546026 0.611778 0.0820639 1.11987 
0.873246 0.493978 0.0363912 1.65044 
0.847084 0.580402 0.0958536 1.64177 
0.83473 0.595493 0.0586948 1.62392 
0.868644 0.539934 0.0712051 1.66471 
0.819494 0.589865 0.00330561 1.58832 
0.99213 0.400682 -0.0147803 1.86819 
0.993278 0.430359 -0.00439674 1.8769 
0.994602 0.453985 -0.010983 1.88516 
0.991875 0.416381 0.00101551 1.87331 
0.991636 0.424746 0.00912055 1.87583 
0.89652 0.590585 0.138812 1.73785 
0.887616 0.597289 0.146412 1.72459 
0.880718 0.600692 0.137197 1.71051 
0.863956 0.600367 0.186355 1.68459 
0.847113 0.61213 0.174334 1.65542 
0.875014 0.600407 0.164321 1.70319 
0.821957 0.630048 0.136439 1.61059 
0.857216 0.617235 0.137322 1.67298 
0.831244 0.622994 0.155286 1.62748 
0.992605 0.504477 0.0232658 1.89622 
0.990068 0.509736 0.0189547 1.89303 
0.991688 0.503888 0.0177154 1.89362 
0.98684 0.505622 0.000501696 1.88322 
0.990517 0.50421 0.0107541 1.89096 
0.981894 0.516223 0.00283161 1.87696 
0.938224 0.546039 0.183118 1.81029 
0.924391 0.555036 0.186401 1.78529 
0.923293 0.560717 0.173528 1.78379 
0.881502 0.590607 0.186406 1.71475 
0.886866 0.590612 0.167909 1.72237 
0.905545 0.572684 0.193185 1.75638 
0.900906 0.585265 0.136093 1.74367 
0.910625 0.57623 0.157086 1.76255 
0.895797 0.590277 0.150849 1.73822 
0.838128 0.598796 0.210843 1.63616 
0.847555 0.595778 0.210248 1.65327 
0.818169 0.592913 0.257114 1.60497 
0.801249 0.606813 0.241056 1.57694 
0.835432 0.594627 0.232813 1.63358 
0.750826 0.629667 0.200269 1.48777 
0.797909 0.618657 0.20747 1.5697 
0.771856 0.619858 0.222504 1.5253 
0.990201 0.334852 -0.0609131 1.85844 
0.983263 0.335413 -0.0724858 1.8417 
0.934127 0.442055 0.377807 1.80758 
0.94799 0.545398 0.132857 1.8234 
0.941005 0.542472 0.174169 1.81274 
0.929947 0.556637 0.1658 1.79471 
0.945737 0.545273 0.150821 1.82095 
0.913827 0.577716 0.139012 1.7675 
0.932794 0.561332 0.133997 1.79863 
0.919261 0.569657 0.152143 1.77667 
0.996111 0.495035 0.0284635 1.89992 
0.994739 0.461036 0.024304 1.88745 
0.996958 0.483576 0.0307323 1.89839 
0.848565 0.549348 -0.0110861 1.62793 
0.849492 0.5244 -0.0637455 1.61665 
0.823558 0.567313 -0.0402679 1.58714 
0.983177 0.456069 -0.0415987 1.86241 
0.98829 0.438926 -0.032209 1.86917 
0.985141 0.479025 -0.0277579 1.87232 
0.990091 0.396723 -0.0305559 1.86353 
0.99166 0.450977 -0.0198836 1.87771 
0.989309 0.421158 -0.0256168 1.86709 
0.987854 0.488745 -0.0150723 1.88008 
0.990621 0.496495 -0.0105196 1.8895 
0.985443 0.350285 -0.0474036 1.84932 
0.985483 0.341589 -0.0277689 1.84633 
0.9825 0.339955 -0.0505963 1.83978 
0.984556 0.364791 -0.0341926 1.8461 
0.984771 0.386325 -0.0257035 1.84937 
0.983584 0.354604 -0.0237307 1.84297 
0.980778 0.427657 -0.0464236 1.85119 
0.982412 0.388214 -0.0470959 1.84654 
0.986337 0.409449 -0.0343334 1.8586 
0.924317 0.576124 -0.00473125 1.78002 
0.922985 0.574972 -0.0228094 1.77659 
0.915408 0.584677 0.00491536 1.76562 
0.5155 0.589122 0.069685 1.05928 
0.498926 0.574717 0.0620247 1.02164 
0.546833 0.609247 0.0721 1.11865 
0.696766 0.654027 0.0907649 1.39162 
0.738749 0.654501 0.104329 1.46755 
0.694339 0.650664 0.120374 1.38861 
0.797089 0.639372 0.122025 1.56648 
0.769269 0.644593 0.13307 1.51948 
0.770828 0.64734 0.113759 1.52163 
0.718733 0.641203 0.167871 1.432 
0.70576 0.646546 0.146731 1.40929 
0.742745 0.646137 0.148738 1.47496 
0.818133 0.603171 0.0862774 1.5894 
0.802948 0.642697 0.0848957 1.5842 
0.810389 0.61503 0.0507952 1.58192 
0.783712 0.655161 0.0333969 1.54745 
0.779854 0.655146 0.0390637 1.53942 
0.777295 0.655088 0.0371057 1.53648 
0.702897 0.658956 0.0563636 1.40268 
0.708608 0.662621 0.0494532 1.41724 
0.765298 0.65761 0.0425095 1.51399 
0.749126 0.644065 0.0362866 1.48004 
0.774818 0.651218 0.0401542 1.53035 
0.720643 0.661004 0.0368317 1.43992 
0.656169 0.656883 0.0677192 1.32311 
0.618872 0.646669 0.0904957 1.25888 
0.639474 0.655958 0.0664835 1.29527 
0.585409 0.634066 0.111668 1.20022 
0.589825 0.644492 0.0555768 1.1978 
0.60976 0.651137 0.0540398 1.24182 
0.55984 0.622021 0.0875377 1.15087 
0.845118 0.582623 0.26028 1.65292 
0.849959 0.586224 0.237522 1.65875 
0.862151 0.573131 0.248258 1.67836 
0.863016 0.590061 0.213776 1.68228 
0.594096 0.625019 0.150314 1.21303 
0.634624 0.626189 0.20142 1.28864 
0.787978 0.617704 0.0374635 1.54409 
0.766847 0.592238 0.033872 1.48453 
0.750452 0.610623 0.033268 1.46627 
0.746835 0.572334 0.0250981 1.43536 
0.994614 0.503904 0.0300313 1.9005 
0.995468 0.496477 0.0337698 1.89901 
0.993259 0.505318 0.034305 1.89834 
0.709255 0.543356 0.0278271 1.35905 
0.713039 0.536938 0.0223942 1.36241 
0.720015 0.554009 0.0329561 1.38319 
0.738417 0.576482 0.0225469 1.42554 
0.804206 0.642115 0.110889 1.58102 
0.777874 0.64665 0.103005 1.53282 
0.795331 0.645198 0.093079 1.56377 
0.723698 0.654985 0.0740563 1.43783 
0.768563 0.65193 0.0620476 1.51636 
0.752952 0.654282 0.0921137 1.49156 
0.791387 0.647161 0.0566588 1.55512 
0.990673 0.510394 0.0237696 1.89494 
0.995254 0.498847 0.0227949 1.89976 
0.994766 0.496754 0.0178492 1.89768 
0.995525 0.47936 0.0176903 1.89261 
0.991578 0.494778 0.000637964 1.8901 
0.995285 0.468077 7.20396e-05 1.88958 
0.993333 0.494044 0.0104639 1.89316 
0.804362 0.637601 0.130762 1.58074 
0.815861 0.628208 0.158763 1.60132 
0.786047 0.638383 0.145611 1.54838 
0.854442 0.603031 0.197816 1.66967 
0.829326 0.609166 0.194985 1.62186 
0.835857 0.615568 0.180958 1.63669 
0.751769 0.638835 0.182251 1.49271 
0.768025 0.64017 0.162523 1.51905 
0.796222 0.623746 0.192607 1.56659 
0.682731 0.631062 0.219204 1.3761 
0.649762 0.632631 0.200148 1.31767 
0.683214 0.633453 0.209423 1.37561 
0.612849 0.634469 0.150409 1.24935 
0.646069 0.640512 0.164526 1.30935 
0.626938 0.634463 0.1724 1.27634 
0.709643 0.636964 0.183267 1.41575 
0.701338 0.637316 0.194228 1.40499 
0.680915 0.641658 0.176795 1.36959 
0.987919 0.379436 -0.0141792 1.8602 
0.99343 0.440308 -0.0113959 1.88532 
0.980164 0.366902 -0.0181703 1.83781 
0.774048 0.652015 0.0288162 1.52777 
0.779317 0.651791 0.0297288 1.53718 
0.792002 0.631504 0.0445929 1.55385 
0.752801 0.627881 0.0326958 1.47767 
0.768085 0.646425 0.0343467 1.51437 
0.753492 0.602224 0.020453 1.46671 
0.811668 0.636099 0.0998718 1.58986 
0.805164 0.641085 0.0927446 1.57943 
0.820047 0.632829 0.0864911 1.60208 
0.602913 0.587393 0.0371615 1.18388 
0.468069 0.553696 0.0491338 0.968233 
0.593144 0.573354 0.0243227 1.16264 
0.624294 0.640216 0.147369 1.27123 
0.616487 0.64212 0.128872 1.25742 
0.6643 0.654092 0.0878635 1.33651 
0.672341 0.649379 0.119355 1.34998 
0.639932 0.652772 0.108602 1.29926 
0.704494 0.639793 0.171595 1.40639 
0.676183 0.643643 0.164434 1.3604 
0.687619 0.645459 0.147519 1.37719 
0.726943 0.6556 0.056748 1.44188 
0.772759 0.651148 0.0465252 1.52235 
0.773602 0.650651 0.0541095 1.5241 
0.786714 0.650865 0.0359132 1.54869 
0.793562 0.647747 0.0388411 1.55914 
0.800087 0.644912 0.0517088 1.57018 
0.76353 0.565584 0.0675703 1.47277 
0.71235 0.567679 0.0273609 1.3727 
0.74439 0.576918 0.0421318 1.44106 
0.757806 0.564481 0.045583 1.45985 
0.714913 0.54612 0.0291217 1.37164 
0.710633 0.562925 0.0351628 1.36866 
0.729054 0.616412 0.255082 1.45505 
0.930279 0.570416 0.114494 1.79615 
0.739578 0.576113 0.0277911 1.42772 
0.754439 0.572229 0.0293837 1.44925 
0.741766 0.571257 0.0354341 1.43208 
0.742584 0.614661 0.069901 1.45899 
0.700006 0.59202 0.0595838 1.35895 
0.776473 0.585001 0.0405693 1.49846 
0.724839 0.563143 0.0340033 1.4008 
0.752303 0.563929 0.0412909 1.45102 
0.70183 0.581844 0.03294 1.35869 
0.992248 0.507997 0.026716 1.89743 
0.984339 0.511848 -0.00755803 1.88042 
0.953052 0.53366 0.170507 1.83441 
0.953155 0.535992 0.150169 1.83245 
0.967197 0.516976 0.167286 1.85707 
0.957862 0.522062 0.182532 1.84126 
0.786886 0.607747 0.248512 1.55256 
0.717146 0.627331 0.237852 1.43734 
0.713244 0.630512 0.224982 1.42876 
0.765036 0.619161 0.25522 1.52287 
0.727826 0.63319 0.191389 1.44672 
0.752107 0.623634 0.222994 1.49183 
0.722547 0.632769 0.2075 1.44133 
