1.00011 0.247486 0.0347073 1.81721 
0.999195 0.250168 0.0527069 1.81693 
1.00043 0.246294 0.0503385 1.81878 
0.99858 0.253354 0.0459251 1.81578 
0.998563 0.24851 0.0462201 1.81444 
1.00037 0.247064 0.0442731 1.81838 
1.00531 0.235601 0.0398855 1.82769 
1.0003 0.246338 0.0411023 1.81782 
1.00623 0.234292 0.0283665 1.82942 
1.00388 0.238506 0.0378168 1.82467 
1.00558 0.241147 0.0249537 1.82938 
1.00387 0.238921 0.0340194 1.8246 
1.00262 0.243249 0.0338692 1.82246 
1.00697 0.235482 0.0224981 1.83156 
1.01072 0.223966 0.0237953 1.8386 
1.006 0.234236 0.0344671 1.82891 
1.00837 0.229513 0.0299993 1.83376 
1.00842 0.228483 0.0271363 1.83366 
1.00878 0.229814 0.0240164 1.83483 
1.01062 0.225124 0.0213148 1.83862 
1.00777 0.227677 0.0329196 1.83198 
1.0099 0.22249 0.030699 1.83627 
1.00825 0.228866 0.0366807 1.8335 
1.00615 0.233022 0.0316602 1.82898 
1.00571 0.233404 0.0375757 1.82812 
1.00794 0.22909 0.0440916 1.83308 
1.00332 0.240876 0.0420051 1.82402 
1.00738 0.231287 0.0428823 1.83205 
1.00483 0.235751 0.0486491 1.82703 
1.00245 0.242648 0.0355575 1.82194 
1.00453 0.237474 0.0354469 1.82598 
1.00262 0.241221 0.0380813 1.82217 
1.02177 0.14751 0.0563529 1.86349 
1.02288 0.148271 0.125647 1.87542 
1.02158 0.160886 0.0853503 1.86582 
1.00309 0.24089 0.0552608 1.82443 
1.00319 0.247156 0.0276422 1.82495 
1.00723 0.243587 -0.00371475 1.83712 
1.0031 0.249717 0.015038 1.82746 
1.00172 0.249669 0.0168815 1.82466 
1.00263 0.250238 0.0214632 1.82585 
0.999978 0.247789 0.0268562 1.81931 
0.997925 0.242338 0.020966 1.81508 
0.999572 0.243714 0.0100111 1.82096 
1.00219 0.245804 0.0315302 1.82195 
1.00182 0.248127 0.0304799 1.82181 
1.00459 0.242463 0.0274835 1.82715 
1.00546 0.242511 0.0224883 1.82952 
1.00619 0.237125 0.028241 1.82991 
1.01741 0.179937 0.00477414 1.85045 
1.01642 0.183414 0.00589553 1.84846 
1.01802 0.180673 -0.0011346 1.85217 
1.01711 0.184048 0.00251691 1.85024 
1.01676 0.186996 0.000910579 1.84975 
1.01934 0.169957 0.00261159 1.85446 
1.01853 0.172279 0.0100906 1.85249 
1.01848 0.169382 0.0109329 1.8526 
1.01859 0.167807 0.0116944 1.85313 
1.01792 0.169172 0.0121558 1.85148 
1.018 0.170778 0.0115247 1.85125 
1.01865 0.173208 0.00562556 1.85288 
1.01768 0.176888 0.00708504 1.85075 
1.01774 0.178018 0.00816547 1.85103 
1.01717 0.181172 0.00611843 1.85001 
1.01677 0.180088 0.00975907 1.84892 
1.01656 0.183901 0.00720345 1.84893 
1.01817 0.175794 0.00428112 1.85191 
1.01655 0.184842 0.00464495 1.84896 
1.01592 0.186588 0.00712541 1.84775 
1.01865 0.185044 -0.00320308 1.85434 
1.01639 0.187927 0.00432583 1.84898 
1.01674 0.194975 -0.000365004 1.85079 
1.01652 0.192905 -0.0027953 1.85002 
1.0157 0.199429 -8.36715e-06 1.84876 
1.01621 0.198784 -0.00738547 1.85022 
1.01559 0.210588 -0.00492415 1.85027 
1.01811 0.193692 -0.0212169 1.85523 
1.01481 0.211013 -0.00903718 1.8487 
1.01796 0.199921 -0.0441182 1.85868 
1.02023 0.184515 -0.0575971 1.86399 
1.02049 0.181216 -0.051139 1.86342 
1.02347 0.170622 -0.0493163 1.8697 
1.0218 0.179138 -0.0379467 1.86464 
1.01855 0.192095 -0.0462935 1.85917 
1.01919 0.187986 -0.0305324 1.85824 
1.02062 0.182297 -0.0419546 1.86251 
1.02074 0.180905 -0.0323292 1.86145 
1.02111 0.172696 -0.0398989 1.86249 
1.02299 0.173518 -0.0456088 1.86806 
1.02526 0.156398 -0.0473896 1.87324 
1.02103 0.176365 -0.0265595 1.86114 
1.02174 0.167701 -0.0172532 1.86152 
1.02103 0.161589 -0.0132472 1.85922 
1.01913 0.173935 -0.00198409 1.85429 
1.01547 0.204803 -0.0125886 1.84958 
1.01947 0.180877 -0.0165165 1.85671 
1.01614 0.193341 -0.0057731 1.84922 
1.01197 0.223345 -0.0298172 1.84661 
1.01945 0.188004 -0.0410855 1.86014 
1.01597 0.212911 -0.0272748 1.85381 
1.01684 0.203118 -0.0279862 1.85432 
1.0178 0.1998 -0.0331001 1.85681 
1.01981 0.188568 -0.0240344 1.85911 
1.01813 0.191314 -0.0341566 1.85646 
1.01766 0.184688 -0.00637875 1.85191 
1.0182 0.187774 -0.012978 1.85402 
1.01775 0.192707 -0.0149748 1.85364 
1.01958 0.181184 -0.0209276 1.8574 
1.01975 0.174778 -0.0137209 1.85664 
1.01466 0.21299 -0.0172667 1.84938 
1.02043 0.169764 -0.0277464 1.85923 
1.01828 0.171902 0.0111765 1.85187 
1.019 0.169143 0.0074508 1.85368 
1.01846 0.163446 0.0129653 1.85351 
1.01372 0.187809 0.0194653 1.8438 
1.01254 0.179183 0.0237096 1.84026 
1.01287 0.19047 0.0228131 1.84159 
1.01332 0.205563 0.0223022 1.84339 
1.01268 0.211033 0.0191994 1.84232 
1.01324 0.206421 0.015625 1.84362 
1.01103 0.223104 0.0181523 1.83944 
1.01481 0.203983 0.00703042 1.84716 
1.01287 0.188154 0.0102772 1.84275 
1.01268 0.182841 0.00816602 1.8423 
1.01262 0.188979 0.0112691 1.84197 
1.01269 0.187478 0.0125456 1.84193 
1.01348 0.189822 0.0161415 1.84362 
1.01302 0.192579 0.01559 1.84264 
1.01342 0.191131 0.0185264 1.84329 
1.01314 0.182161 0.0177102 1.8422 
1.01362 0.181089 0.0145529 1.84366 
1.01394 0.170994 0.0116665 1.84421 
1.01409 0.196446 0.0223125 1.845 
1.01382 0.203646 0.018831 1.84482 
1.01303 0.191546 0.0142398 1.84277 
1.01362 0.192019 0.0105226 1.84372 
1.0137 0.193292 0.0100667 1.84389 
1.01367 0.195068 0.00974475 1.84393 
1.01428 0.191945 0.00984381 1.84502 
1.01408 0.191112 0.0103643 1.84446 
1.01249 0.209613 0.0341373 1.84159 
1.012 0.21423 0.0336451 1.84049 
1.0123 0.212212 0.0299138 1.84107 
1.01193 0.218376 0.021334 1.84089 
1.01164 0.217683 0.027972 1.83991 
1.01126 0.221318 0.0242061 1.83951 
1.01329 0.19909 0.0269969 1.84293 
1.01281 0.193334 0.0138365 1.84235 
1.01322 0.196696 0.0166363 1.84314 
1.01332 0.199123 0.0159375 1.84358 
1.01302 0.19215 0.0125557 1.84297 
1.01257 0.200641 0.013598 1.84189 
1.01251 0.193057 0.0120914 1.84178 
1.01295 0.194077 0.0113079 1.84291 
1.01243 0.189621 0.00898727 1.84174 
1.01298 0.18054 0.00876239 1.84272 
1.0122 0.185693 0.00901055 1.84112 
1.01238 0.189203 0.0101237 1.84157 
1.01236 0.185017 0.00772503 1.84161 
1.01216 0.178781 0.00311593 1.84122 
1.01211 0.182026 0.00640279 1.84102 
1.01207 0.183545 0.00788382 1.84086 
1.01236 0.186028 0.00863572 1.84155 
1.01204 0.183356 0.00583112 1.84088 
1.01316 0.164668 0.0025058 1.84271 
1.01296 0.172165 0.00647122 1.8424 
1.01261 0.180182 0.0103207 1.84158 
1.01355 0.176206 0.012022 1.84352 
1.0132 0.184928 0.0144309 1.84287 
1.0128 0.167419 -0.0028595 1.8424 
1.01229 0.176169 0.00521892 1.84119 
1.01213 0.176034 0.00350375 1.84095 
1.01207 0.173515 0.00375604 1.84062 
1.01217 0.187044 0.00721245 1.84116 
1.00981 0.225914 0.0270049 1.83661 
1.01268 0.219712 0.0109703 1.84346 
1.01315 0.208784 0.0260951 1.84298 
1.01348 0.212715 0.0216164 1.84421 
1.01193 0.219182 0.0182533 1.84114 
1.01252 0.215602 0.0164517 1.84233 
1.01325 0.206689 0.0198322 1.84342 
1.01228 0.214775 0.0316594 1.84122 
1.01269 0.21235 0.0344673 1.84217 
1.01231 0.206857 0.036365 1.84124 
1.01234 0.207663 0.0387853 1.84169 
1.01231 0.215577 0.0357016 1.84139 
1.00819 0.223413 0.0519182 1.83311 
1.01233 0.212499 0.0389673 1.84132 
1.01256 0.212818 0.0370955 1.84192 
1.01286 0.210122 0.037667 1.84288 
1.01071 0.205807 0.0442147 1.83977 
1.00802 0.176934 0.0545641 1.83036 
1.00583 0.180994 0.0640593 1.82729 
1.0636 0.153568 -0.00784689 1.97682 
1.0144 0.203676 0.0370443 1.84669 
1.01476 0.198613 0.0303707 1.84979 
1.01623 0.198075 0.0378054 1.85085 
1.027 0.185048 -0.00949401 1.88619 
1.00887 0.203459 0.0472917 1.83807 
1.01633 0.192221 0.0336115 1.85145 
1.01232 0.206982 0.0404838 1.84372 
1.01395 0.203907 0.0341144 1.84781 
1.01379 0.205066 0.0363497 1.84589 
0.996643 0.20742 0.0480788 1.8137 
1.00054 0.249809 0.0564748 1.82048 
1.00209 0.245477 0.0581828 1.82334 
0.997625 0.25441 0.049357 1.81396 
1.00653 0.231236 0.0515773 1.83051 
1.00471 0.235651 0.0575119 1.82744 
1.00503 0.234933 0.0510151 1.82752 
1.00171 0.242519 0.0512275 1.82106 
1.00296 0.24018 0.0480615 1.82338 
1.00619 0.231246 0.0549353 1.82992 
1.00036 0.247538 0.0340524 1.81788 
1.00006 0.247666 0.0345283 1.8172 
1.00002 0.247553 0.0344444 1.81714 
1.00009 0.2477 0.0346817 1.81724 
1.01854 0.202051 -0.0784655 1.866 
1.01001 0.217552 -0.0614232 1.84896 
1.02348 0.168055 -0.0636914 1.87153 
1.0103 0.226578 -0.0463244 1.84633 
1.00875 0.231344 -0.0470543 1.84479 
1.00519 0.233873 -0.0410709 1.83672 
1.00809 0.226584 -0.0546384 1.84395 
1.01247 0.220463 -0.0591112 1.85206 
1.0147 0.208856 -0.0661277 1.85554 
1.01717 0.206178 -0.0616886 1.86041 
1.01193 0.225173 -0.00377279 1.84361 
1.01335 0.223304 -0.0087908 1.84724 
1.01349 0.213586 0.00156842 1.84502 
1.01378 0.211619 0.0121849 1.84528 
1.01314 0.211263 0.0101329 1.8437 
1.01374 0.209757 0.00282734 1.8451 
1.01439 0.198395 0.00771781 1.84563 
1.01392 0.201299 0.00833408 1.84478 
1.01481 0.202426 0.00598148 1.84698 
1.01386 0.198 0.00970147 1.84463 
1.0127 0.225273 -0.0174989 1.84708 
1.01228 0.227348 -0.0110931 1.84572 
1.01444 0.216165 -0.0210011 1.84984 
1.0143 0.215965 -0.0112713 1.84847 
1.00592 0.247288 0.0148717 1.83292 
1.00519 0.247556 0.00618923 1.83253 
1.00385 0.248701 0.00779117 1.83029 
1.00927 0.237604 -0.0103352 1.84088 
1.00571 0.245904 -0.00234573 1.83457 
1.00582 0.245574 -0.00700671 1.83554 
1.00681 0.2423 0.00681094 1.83417 
1.01135 0.231678 -0.000997561 1.84333 
1.01055 0.232937 0.00422845 1.84114 
1.01252 0.198683 0.0189757 1.84134 
1.01278 0.203179 0.0171253 1.8423 
1.01325 0.1979 0.0149595 1.84354 
1.01221 0.207162 0.0123485 1.84106 
1.01274 0.195438 0.0126234 1.84233 
1.00677 0.242064 0.0161605 1.83304 
1.00267 0.249712 0.0229342 1.82527 
1.00049 0.248774 0.0211946 1.82143 
1.0056 0.245422 0.0168928 1.83116 
0.994387 0.232718 0.0185527 1.80432 
0.990912 0.22748 -0.00104751 1.79561 
0.988095 0.241744 -0.00799848 1.79043 
0.987142 0.236628 -0.0129568 1.78788 
0.990536 0.236909 -0.000535333 1.79522 
0.992082 0.24111 0.00964245 1.79868 
0.991672 0.246641 0.00791424 1.7986 
0.983614 0.256069 -0.013968 1.7831 
0.986329 0.252422 -0.00417015 1.78771 
0.984784 0.259099 -0.0039056 1.78551 
0.988129 0.200642 -0.0107269 1.7885 
0.987736 0.208951 -0.00889987 1.78766 
0.98943 0.21662 0.00130436 1.7921 
0.994654 0.231541 0.0172094 1.80591 
0.98844 0.22165 -0.00156606 1.78925 
0.98796 0.218413 -0.0123805 1.78847 
0.986247 0.211163 -0.0222338 1.78424 
0.968794 0.180187 -0.0947326 1.7455 
0.979326 0.204924 -0.0516014 1.76902 
0.979874 0.18267 -0.0516035 1.7679 
0.980941 0.19961 -0.0446688 1.77175 
0.968263 0.204432 -0.0897225 1.74799 
0.969403 0.200868 -0.0823869 1.74853 
0.976816 0.202152 -0.0662637 1.76448 
0.974736 0.213307 -0.0657628 1.76103 
0.971607 0.213468 -0.0748487 1.7549 
0.978323 0.187607 -0.059568 1.76543 
0.964453 0.260236 -0.056457 1.74743 
0.980819 0.25507 -0.0267522 1.77769 
0.976761 0.251132 -0.040905 1.76944 
0.977569 0.245282 -0.0427379 1.77021 
0.970998 0.234128 -0.0658664 1.75602 
0.978079 0.24228 -0.0389225 1.76999 
0.976303 0.239592 -0.0482297 1.76673 
0.974319 0.239924 -0.0537793 1.7631 
0.978182 0.223284 -0.0522074 1.76887 
0.982082 0.229165 -0.0375357 1.77721 
0.980617 0.259451 -0.0248585 1.77814 
0.978983 0.260855 -0.0258487 1.77496 
0.980206 0.252419 -0.0311163 1.77623 
1.01368 0.213826 -0.0655019 1.85425 
1.01548 0.208777 -0.0563434 1.85593 
1.01366 0.215254 -0.0522987 1.85229 
1.0164 0.198403 -0.064491 1.85734 
1.01727 0.20288 -0.0527803 1.85874 
1.017 0.202933 -0.0372666 1.8559 
1.00794 0.238327 -0.0266705 1.84108 
1.00893 0.235033 -0.0355362 1.8442 
1.0089 0.230297 -0.0444283 1.84406 
1.00994 0.227729 -0.0396883 1.84472 
1.00931 0.233332 -0.0287277 1.84268 
1.00044 0.243091 -0.000291774 1.82422 
1.00305 0.228117 -0.0442646 1.83191 
0.999184 0.229179 -0.0301878 1.82216 
0.9969 0.226422 -0.0171381 1.81568 
0.99347 0.21217 -0.0152657 1.80551 
0.991032 0.190671 -0.0277784 1.79793 
0.99832 0.211317 -0.0374852 1.81901 
0.992035 0.207564 -0.0214441 1.80194 
0.992015 0.205045 -0.0114856 1.80063 
0.984404 0.177793 -0.0267842 1.77919 
0.984632 0.171903 -0.0306218 1.77828 
0.976704 0.148279 -0.0690332 1.75843 
0.998239 0.219528 -0.0365112 1.81935 
0.997446 0.220926 -0.0291362 1.81728 
0.982641 0.157324 -0.0429294 1.77358 
1.01167 0.229553 -0.019254 1.84585 
1.00785 0.240847 -0.0152961 1.83945 
1.00963 0.219487 -0.063398 1.84712 
1.01168 0.219502 -0.0531923 1.84865 
1.00979 0.225834 -0.0551052 1.84684 
1.00022 0.248396 0.0285084 1.81944 
0.99723 0.242274 0.0297352 1.81059 
1.00119 0.24978 0.0230348 1.8227 
0.998619 0.244486 0.0268345 1.81591 
0.998633 0.245621 0.0226851 1.81672 
0.998447 0.241626 0.013429 1.8176 
0.991457 0.231796 0.00870496 1.79661 
0.990452 0.222091 0.00497257 1.79425 
0.992669 0.233024 0.0153173 1.79955 
0.997285 0.24065 0.0274059 1.81142 
0.998238 0.243731 0.0305068 1.81366 
0.995638 0.239404 0.0250504 1.8064 
0.993667 0.235662 0.0180371 1.80181 
0.986219 0.212146 -0.0156102 1.78397 
0.993177 0.228228 0.0144241 1.80136 
0.991634 0.220922 0.00715171 1.7978 
0.994606 0.228373 0.0128855 1.80625 
0.989645 0.241654 -0.00257608 1.79374 
0.989864 0.227583 0.00480303 1.79277 
0.99069 0.236374 0.00480818 1.79516 
0.997154 0.241052 0.0264206 1.81179 
0.995037 0.237422 0.023002 1.8052 
0.997536 0.243226 0.0305538 1.81108 
0.996756 0.243237 0.0277397 1.80906 
0.9933 0.247385 0.0193221 1.80167 
0.995345 0.240839 0.0231799 1.80562 
0.996139 0.244852 0.0270707 1.80756 
0.989314 0.246278 0.00145175 1.79324 
1.00405 0.247625 0.00380486 1.83117 
1.00215 0.246907 0.00540236 1.82714 
1.00179 0.248523 0.0133473 1.82543 
0.998843 0.244684 0.0156622 1.81828 
0.991759 0.224786 0.00832525 1.79746 
0.99632 0.237085 0.0209027 1.81039 
0.9954 0.235653 0.0218504 1.8073 
0.996902 0.235057 0.00911486 1.81435 
1.00389 0.246512 -0.00474412 1.8317 
1.00038 0.24414 0.00313939 1.82374 
0.998425 0.240727 0.00794452 1.81845 
0.996195 0.232078 0.00549313 1.81283 
0.999412 0.236763 -0.015066 1.82236 
0.999073 0.236043 -0.00435426 1.82096 
1.00333 0.241957 -0.016172 1.83158 
0.998936 0.238505 7.21975e-05 1.8205 
0.994818 0.225684 0.00486595 1.80881 
0.992869 0.220174 0.00445257 1.80308 
0.992317 0.210477 -0.000294805 1.80081 
0.992098 0.205416 -0.00525579 1.80021 
1.00627 0.245433 0.00949258 1.83367 
1.00378 0.249468 0.0166276 1.82856 
1.00528 0.247897 0.00916441 1.83235 
0.995251 0.221888 0.000325391 1.80992 
1.00468 0.247208 0.0204038 1.82919 
1.00798 0.241237 0.000978113 1.83735 
1.00699 0.243899 0.000298205 1.83598 
1.0111 0.233005 -0.00841492 1.84381 
1.00977 0.234773 -0.00301833 1.84037 
1.00545 0.238095 0.0252957 1.82834 
1.00482 0.24599 0.0229186 1.82892 
0.999843 0.247368 0.0346139 1.81655 
0.999734 0.247533 0.0344023 1.81631 
0.9998 0.247301 0.0344222 1.81648 
1.00146 0.249404 0.0299837 1.82168 
1.00086 0.247349 0.0328915 1.81908 
1.00064 0.2485 0.0326791 1.81917 
1.00034 0.248 0.0336482 1.81809 
0.999743 0.247223 0.0343535 1.81638 
0.999507 0.246838 0.0337177 1.81576 
0.999031 0.246009 0.0328901 1.81468 
0.999553 0.247592 0.0339417 1.81592 
0.998969 0.245844 0.0327986 1.81482 
0.999956 0.247502 0.0347268 1.81688 
0.999542 0.246733 0.0307749 1.8172 
1.00222 0.249729 0.0257976 1.8241 
1.00008 0.248007 0.0315584 1.81828 
1.00058 0.2477 0.0334562 1.81849 
0.999372 0.246642 0.0336973 1.81551 
1.00013 0.247716 0.0330607 1.81805 
0.999516 0.248446 0.0377443 1.81621 
0.994318 0.262791 0.0428512 1.80795 
0.995942 0.256807 0.0507999 1.81061 
0.990464 0.269206 0.0334574 1.8003 
0.998259 0.251699 0.0351346 1.81392 
0.993762 0.2479 0.0225204 1.80253 
0.999679 0.247959 0.0346541 1.81629 
0.998404 0.250402 0.0339137 1.81389 
0.997099 0.246233 0.0288637 1.80995 
0.999819 0.247465 0.0345245 1.8165 
0.999847 0.247659 0.0345852 1.81661 
0.99989 0.247736 0.0346999 1.81674 
0.999924 0.24763 0.0347694 1.81679 
1.00003 0.247528 0.0348559 1.81704 
0.992486 0.252415 0.0161036 1.80091 
0.995898 0.25155 0.0267786 1.80829 
0.998837 0.248318 0.0326382 1.81439 
0.998062 0.246148 0.031021 1.81218 
0.998824 0.247397 0.0323576 1.81417 
0.999631 0.248035 0.0343601 1.8162 
0.997739 0.249731 0.0317376 1.81209 
0.99922 0.247174 0.0332221 1.81506 
0.993394 0.260329 0.0322288 1.8046 
0.992739 0.2672 0.0419848 1.80543 
0.991146 0.263518 0.0297526 1.80011 
0.987855 0.273281 0.0291749 1.79525 
0.983173 0.277347 0.0142521 1.78569 
0.969707 0.226513 -0.0731248 1.75264 
0.975107 0.222404 -0.0601251 1.7625 
0.974257 0.233912 -0.0601223 1.7628 
0.977881 0.23332 -0.0473912 1.76911 
0.97683 0.260537 -0.0251338 1.7719 
0.977083 0.259384 -0.0310154 1.77125 
0.978338 0.260263 -0.0263789 1.77359 
0.978371 0.253381 -0.0285802 1.77269 
0.978356 0.254621 -0.024417 1.77323 
0.978123 0.256757 -0.0281049 1.77262 
0.977801 0.262165 -0.0259937 1.77243 
0.97875 0.251958 -0.0266834 1.77347 
0.977844 0.259845 -0.000266869 1.77973 
0.999838 0.247338 0.034584 1.81656 
0.999672 0.247452 0.0342123 1.81617 
0.996752 0.249648 0.0292597 1.80976 
0.992825 0.220899 0.00586839 1.80253 
0.99565 0.23283 0.013082 1.8099 
0.988377 0.218747 -0.00642517 1.78939 
0.986759 0.202828 -0.0132594 1.78495 
0.991614 0.214377 0.00220645 1.79852 
0.989126 0.212893 -0.00129416 1.79164 
0.983798 0.233991 -0.0308062 1.7813 
0.987709 0.231403 -0.0114655 1.7885 
0.980003 0.246634 -0.0336914 1.7747 
0.980199 0.235305 -0.0418729 1.77427 
0.982466 0.243829 -0.0295258 1.77958 
0.98602 0.238207 -0.0197619 1.78612 
0.989417 0.231168 -0.00571316 1.79223 
0.986468 0.248834 -0.00869362 1.78779 
0.982852 0.24757 -0.0240088 1.78053 
0.985377 0.232212 -0.0254373 1.78432 
0.982732 0.221612 -0.04001 1.77812 
0.979822 0.217051 -0.0495026 1.77152 
0.982239 0.204366 -0.0381207 1.7749 
0.985971 0.226084 -0.0237395 1.78488 
0.98393 0.203079 -0.0238961 1.77802 
0.98712 0.225404 -0.0166303 1.78705 
0.975602 0.253119 -0.0452083 1.76832 
0.976313 0.198478 -0.0596644 1.76179 
0.984314 0.217982 -0.0280371 1.78034 
1.00386 0.247845 0.0256666 1.82697 
1.00115 0.248809 0.0309975 1.82044 
1.00249 0.249453 0.0267732 1.82426 
0.980886 0.165225 -0.0423575 1.76861 
0.980166 0.172849 -0.0522132 1.76775 
0.984527 0.186391 -0.0360669 1.77891 
0.969886 0.179528 -0.0891071 1.74726 
0.975965 0.181172 -0.0734819 1.76038 
0.974131 0.191203 -0.0743844 1.75728 
0.97856 0.155751 -0.0608837 1.7632 
0.981551 0.158476 -0.0451713 1.77053 
0.981344 0.149317 -0.0520551 1.76951 
0.979829 0.15837 -0.0512808 1.76611 
0.976006 0.141418 -0.0666704 1.75604 
0.973745 0.151352 -0.0795243 1.75219 
0.971823 0.136062 -0.0896952 1.74691 
0.969479 0.15973 -0.0957505 1.74427 
0.96651 0.13248 -0.0994411 1.73429 
0.968913 0.127795 -0.0689397 1.73767 
0.973305 0.1341 -0.0791711 1.74961 
0.953494 0.122149 -0.0901812 1.70041 
0.983531 0.200314 -0.0306721 1.77736 
0.983169 0.21612 -0.0369673 1.77823 
0.982459 0.188876 -0.0441105 1.77439 
0.976266 0.169739 -0.0632798 1.75872 
0.989792 0.194818 -0.0106982 1.79273 
0.986281 0.181127 -0.0258005 1.7827 
0.981968 0.171511 -0.0447096 1.7717 
0.986202 0.179174 -0.0237925 1.78259 
0.987742 0.186289 -0.0165568 1.78719 
0.984663 0.169615 -0.0331647 1.77955 
0.993699 0.228265 0.00939255 1.80533 
0.970781 0.191625 -0.0822304 1.75029 
0.968038 0.199625 -0.08932 1.7463 
0.976188 0.162298 -0.0760544 1.7591 
0.987838 0.188973 -0.0182757 1.78717 
0.985384 0.192234 -0.0282372 1.78133 
0.984016 0.177978 -0.0360422 1.77694 
0.982327 0.165625 -0.0364987 1.77306 
0.972566 0.146637 -0.0899198 1.74976 
1.0003 0.209734 -0.0479556 1.82413 
0.998655 0.190904 -0.0430295 1.81786 
1.01552 0.213674 -0.0650355 1.86254 
0.989315 0.203858 -0.00477667 1.79193 
0.986896 0.192172 -0.0201724 1.78497 
0.990789 0.203577 -0.00392232 1.79605 
0.989209 0.194125 -0.0103578 1.79153 
0.98751 0.188794 -0.0158027 1.7873 
0.984473 0.177663 -0.0251081 1.77886 
0.990143 0.193554 -0.0234877 1.7957 
0.992985 0.21127 -0.00757656 1.80352 
1.00303 0.239671 -0.0236592 1.83158 
1.00424 0.245518 -0.00855235 1.83338 
0.995412 0.223025 -0.00698788 1.81093 
1.00044 0.239239 -0.012251 1.82472 
0.996586 0.227622 -0.00317661 1.81407 
0.992754 0.212397 -0.00116174 1.80251 
0.997327 0.229661 -0.013258 1.81675 
0.982279 0.254365 -0.023317 1.7806 
0.978247 0.269991 -0.019692 1.77463 
0.98088 0.274572 -0.00524807 1.78078 
0.975311 0.290266 -0.00325905 1.77271 
0.975828 0.281672 -0.00865486 1.77134 
0.976009 0.287401 -0.000879195 1.773 
0.967704 0.189506 -0.0947119 1.74445 
0.962082 0.1904 -0.101511 1.73199 
0.955334 0.179055 -0.108183 1.71436 
0.962768 0.174986 -0.104377 1.73121 
0.966251 0.17139 -0.101012 1.73869 
0.967161 0.163847 -0.102236 1.73994 
0.961614 0.150089 -0.105337 1.72469 
0.965097 0.145287 -0.103752 1.73247 
0.971203 0.170295 -0.0878599 1.74898 
0.97594 0.163155 -0.0666121 1.75773 
0.976223 0.179972 -0.0679158 1.76021 
0.973989 0.169917 -0.0809188 1.75495 
0.982875 0.153957 -0.0460417 1.77427 
0.97868 0.254872 -0.0339972 1.77377 
0.948821 0.196601 -0.106214 1.70182 
0.960036 0.206643 -0.0960753 1.72949 
0.952163 0.21045 -0.10294 1.71261 
0.970916 0.151159 -0.0968905 1.74687 
0.962918 0.138872 -0.102472 1.72627 
0.958161 0.204937 -0.100761 1.72546 
0.956172 0.194245 -0.105679 1.71912 
0.96227 0.2004 -0.0965999 1.73365 
0.957672 0.163055 -0.10795 1.71724 
0.963073 0.158316 -0.106885 1.72961 
0.963384 0.185229 -0.101218 1.73409 
0.95314 0.270848 -0.037523 1.7261 
0.971749 0.246602 -0.0603846 1.76009 
0.964131 0.239719 -0.0742195 1.74296 
0.961121 0.247272 -0.0745457 1.73905 
0.962719 0.219141 -0.0886367 1.73757 
0.96566 0.227685 -0.0783048 1.74431 
0.97496 0.261969 -0.0295015 1.76826 
0.978015 0.257573 -0.0194878 1.77455 
0.972969 0.264409 -0.0311515 1.76539 
0.969847 0.270527 -0.0242884 1.76252 
0.957347 0.267896 -0.0471978 1.73435 
0.955677 0.260782 -0.0600542 1.7291 
0.973955 0.249171 -0.0518107 1.76436 
0.971269 0.259653 -0.0462573 1.76098 
0.971151 0.264808 -0.0380953 1.76205 
0.969334 0.256734 -0.0555738 1.75715 
0.968735 0.250215 -0.0625089 1.75466 
0.959928 0.172444 -0.108303 1.72439 
0.958401 0.188883 -0.10667 1.72355 
0.942141 0.218432 -0.0990098 1.68983 
0.951595 0.23443 -0.0878655 1.71536 
0.941949 0.242714 -0.0775846 1.69351 
0.974591 0.258016 -0.0418525 1.7672 
0.975522 0.26029 -0.0326894 1.76866 
0.968298 0.266775 -0.0426748 1.75724 
0.96104 0.257313 -0.0626937 1.74012 
0.947842 0.255995 -0.0675162 1.71045 
0.957782 0.2269 -0.0908103 1.72814 
0.963891 0.218682 -0.0842648 1.73935 
0.9605 0.229238 -0.086201 1.73437 
0.961779 0.240366 -0.0778186 1.73875 
0.956079 0.237355 -0.0850751 1.726 
0.955425 0.215678 -0.0983315 1.72094 
0.97811 0.25502 -0.00699292 1.77643 
0.971177 0.268269 -0.0119785 1.76635 
0.972423 0.265841 -0.0232052 1.76534 
1.00544 0.230699 0.0710463 1.82967 
1.00504 0.23077 0.0870065 1.83099 
0.999638 0.242839 0.1026 1.82352 
0.993836 0.256441 0.100128 1.8126 
1.00156 0.244665 0.0621112 1.82223 
1.00274 0.241037 0.0788833 1.82635 
1.00004 0.249017 0.0654396 1.81994 
0.976186 0.22726 -0.0372132 1.76331 
0.97801 0.245999 -0.0363246 1.7706 
0.976298 0.239887 -0.0413444 1.76547 
0.978458 0.236557 -0.0392256 1.77027 
0.980604 0.238124 -0.024131 1.77593 
0.977675 0.252839 -0.020935 1.77163 
0.977411 0.259352 -0.0146013 1.77485 
0.977935 0.258092 -0.0267938 1.77241 
0.978742 0.246011 -0.0288227 1.77237 
0.977435 0.259213 -0.0263285 1.77203 
0.978246 0.251642 -0.0324017 1.77209 
0.978673 0.241886 -0.0346035 1.77152 
0.979927 0.242904 -0.029611 1.77479 
0.978318 0.24863 -0.0332423 1.77176 
0.956193 0.307478 -0.00417566 1.73633 
0.97741 0.247691 -0.0396195 1.76953 
0.976332 0.262638 -0.0277792 1.76915 
0.97486 0.264878 -0.0302084 1.76662 
0.975822 0.259627 -0.032251 1.76782 
0.97501 0.272498 -0.0231416 1.76808 
0.973895 0.270474 -0.0283781 1.7656 
0.975973 0.270087 -0.0240182 1.76978 
0.976856 0.265354 -0.0264618 1.7709 
0.978567 0.267904 -0.0185036 1.77458 
0.977725 0.265949 -0.0241802 1.77288 
0.978025 0.26443 -0.0242598 1.77322 
0.977979 0.263634 -0.0233659 1.77269 
0.975276 0.267952 -0.0265927 1.76783 
0.976731 0.268757 -0.0225892 1.77097 
0.973761 0.27597 -0.0244856 1.76652 
0.976195 0.274708 -0.019198 1.7711 
0.975789 0.278235 -0.016827 1.771 
0.973319 0.272161 -0.0303586 1.7651 
0.977234 0.246113 -0.0423034 1.76889 
0.977183 0.254282 -0.0338671 1.77003 
0.976546 0.257602 -0.0317335 1.76906 
0.977364 0.258265 -0.0295727 1.77105 
0.975853 0.262369 -0.0302139 1.76837 
0.975465 0.257402 -0.0367713 1.76678 
0.973668 0.252702 -0.0433509 1.76163 
0.975188 0.253063 -0.0413139 1.76533 
0.97579 0.254564 -0.0369702 1.76689 
0.974017 0.258097 -0.0412476 1.76373 
0.97495 0.25811 -0.0385498 1.76583 
0.974172 0.26103 -0.0379689 1.76467 
0.973816 0.260745 -0.0397161 1.76386 
0.97358 0.258027 -0.0422797 1.76272 
0.975431 0.260055 -0.0345113 1.76719 
0.976116 0.261369 -0.0287904 1.76855 
0.973715 0.268144 -0.0325211 1.76511 
0.973018 0.268648 -0.0344518 1.76378 
0.973221 0.265301 -0.0371885 1.7635 
0.974393 0.264814 -0.0326148 1.76576 
0.973651 0.264767 -0.0361646 1.76429 
0.974089 0.263092 -0.0362002 1.76488 
0.976221 0.252281 -0.0391435 1.76756 
0.974712 0.251613 -0.0430478 1.76391 
0.974773 0.248204 -0.0435125 1.7633 
0.973472 0.262182 -0.0402536 1.76347 
0.97316 0.256914 -0.0426476 1.76142 
0.974996 0.257059 -0.0403019 1.7658 
0.971824 0.264367 -0.0406431 1.76012 
0.97076 0.265757 -0.0405171 1.75793 
0.971607 0.262952 -0.0410766 1.75921 
0.97047 0.269731 -0.0385379 1.75832 
0.971666 0.26665 -0.0388321 1.76027 
0.972023 0.267764 -0.0373476 1.76136 
0.971478 0.267091 -0.0396553 1.76003 
0.970284 0.271716 -0.0368381 1.75835 
0.970259 0.268545 -0.038962 1.75748 
0.97147 0.269595 -0.0365855 1.76053 
0.970064 0.275195 -0.0330804 1.7586 
0.970126 0.274065 -0.034445 1.75853 
0.971885 0.272809 -0.0324687 1.76214 
0.972143 0.271557 -0.0324739 1.76234 
0.972764 0.267551 -0.0362215 1.76299 
0.973301 0.270751 -0.0301939 1.76457 
0.970253 0.281011 -0.0263318 1.76018 
0.969656 0.279347 -0.0297459 1.7587 
0.970951 0.277347 -0.0287491 1.76091 
0.972463 0.274764 -0.0284526 1.76363 
0.974395 0.273898 -0.0250594 1.76741 
0.969595 0.277179 -0.0326293 1.75809 
0.971266 0.271918 -0.0343661 1.76054 
0.970923 0.279344 -0.0268508 1.76125 
0.970521 0.275265 -0.0317301 1.75957 
0.971607 0.275682 -0.0295687 1.76205 
0.974588 0.268081 -0.028385 1.76655 
0.972123 0.282041 -0.0209323 1.76415 
0.968523 0.283922 -0.0260097 1.75714 
0.967422 0.285912 -0.0257999 1.75526 
0.966831 0.284752 -0.0282763 1.75376 
0.970428 0.277194 -0.0302221 1.75981 
0.971018 0.285906 -0.0176676 1.76241 
0.969411 0.271015 -0.0383625 1.75613 
0.971517 0.270617 -0.034852 1.76079 
0.972565 0.270392 -0.0336829 1.76315 
0.971352 0.274594 -0.0311104 1.76129 
0.969462 0.273065 -0.0372564 1.75684 
0.970556 0.27283 -0.0351732 1.75922 
0.969662 0.274454 -0.0355569 1.75764 
0.969948 0.272333 -0.0375883 1.7578 
0.967978 0.275186 -0.036225 1.75386 
0.968419 0.273547 -0.0372383 1.75448 
0.968891 0.278225 -0.0328974 1.75683 
0.969074 0.277306 -0.0334673 1.75699 
0.974364 0.266831 -0.0333179 1.76637 
0.970708 0.270331 -0.0375085 1.759 
0.975001 0.263046 -0.0344395 1.76694 
0.97273 0.26428 -0.0387893 1.76215 
0.972576 0.261716 -0.0414422 1.76123 
0.972091 0.265144 -0.0395707 1.76092 
0.972346 0.260329 -0.0418119 1.76031 
0.96748 0.281335 -0.0313546 1.75443 
0.967779 0.277436 -0.034578 1.75401 
0.969018 0.279402 -0.0310495 1.75737 
0.969113 0.276399 -0.034685 1.75689 
0.968307 0.27846 -0.0335964 1.75559 
0.968283 0.276401 -0.0353827 1.75494 
0.968363 0.280652 -0.0305327 1.75619 
0.964672 0.296027 -0.0163351 1.75189 
0.964674 0.293624 -0.019116 1.75114 
0.965051 0.295468 -0.0158045 1.75234 
0.964599 0.2926 -0.0205766 1.75075 
0.968122 0.293368 -0.0154276 1.75853 
0.968405 0.282152 -0.0288131 1.75661 
0.966676 0.283001 -0.0306484 1.75303 
0.96447 0.285678 -0.0288562 1.74857 
0.96488 0.284213 -0.0298756 1.74911 
0.966033 0.288838 -0.0245216 1.75304 
0.965979 0.28624 -0.0278192 1.75225 
0.974974 0.293204 -0.000504064 1.77302 
0.97371 0.288751 -0.00768103 1.76867 
0.971473 0.295042 -0.00450296 1.76574 
0.972311 0.289364 -0.0118614 1.76605 
0.971486 0.292274 -0.0117664 1.76535 
0.968236 0.290059 -0.0194681 1.75791 
0.969105 0.28682 -0.0203646 1.75872 
0.972658 0.276281 -0.0263993 1.76425 
0.97448 0.280486 -0.0182445 1.7688 
0.971991 0.279279 -0.025327 1.76358 
0.971032 0.281542 -0.0227286 1.76166 
0.969986 0.287798 -0.0184535 1.76084 
0.969995 0.284706 -0.0224805 1.76045 
0.969713 0.281112 -0.027703 1.75917 
0.970811 0.283258 -0.0233844 1.76196 
0.968927 0.285211 -0.0241112 1.75829 
0.968883 0.288636 -0.0206939 1.75904 
0.967396 0.289899 -0.0213488 1.75618 
0.966908 0.285956 -0.026684 1.75419 
0.967147 0.288694 -0.0231181 1.75533 
0.966331 0.288206 -0.024763 1.75349 
0.970092 0.278454 -0.0304891 1.75951 
0.976792 0.283103 -0.00379685 1.7736 
0.973644 0.28461 -0.0140974 1.76772 
0.972074 0.286959 -0.0148922 1.7649 
0.972801 0.279883 -0.0209417 1.76495 
0.977219 0.278708 -0.0118229 1.77407 
0.97921 0.272911 -0.0106786 1.77674 
0.977331 0.273614 -0.0174125 1.77328 
0.980219 0.26938 -0.0135555 1.77842 
0.979389 0.264989 -0.0207183 1.77604 
0.978793 0.259469 -0.0270973 1.7742 
0.978025 0.260229 -0.0266599 1.77286 
0.978883 0.258552 -0.030259 1.77489 
0.980004 0.262481 -0.0209333 1.7768 
0.982332 0.257807 -0.0180594 1.78087 
0.985185 0.265641 0.00498162 1.78743 
0.977965 0.275646 -0.0131283 1.77495 
0.982135 0.262665 -0.0176253 1.78163 
0.977952 0.259947 -0.0272421 1.77309 
0.983653 0.260847 -0.00829374 1.78375 
0.980968 0.266441 -0.0129775 1.77927 
0.984161 0.250679 -0.01457 1.78322 
0.966814 0.291282 -0.0203381 1.75533 
0.965682 0.293909 -0.0174946 1.75341 
0.965139 0.291374 -0.0219959 1.7517 
0.964735 0.289281 -0.0251631 1.75027 
0.963822 0.291498 -0.0232671 1.74878 
0.963094 0.289606 -0.0252188 1.74651 
0.965137 0.286931 -0.0276983 1.75052 
0.964366 0.290832 -0.0233631 1.74981 
0.964086 0.287498 -0.0271375 1.74821 
0.965725 0.290725 -0.0221735 1.75279 
0.96407 0.292728 -0.0215963 1.74972 
0.963414 0.293845 -0.0208795 1.7486 
0.962459 0.291865 -0.0231007 1.74574 
0.964044 0.288951 -0.025893 1.74857 
0.96167 0.294031 -0.0208484 1.7446 
0.962029 0.295582 -0.0193568 1.746 
0.963594 0.297701 -0.0147995 1.74992 
0.964215 0.299483 -0.0119166 1.75174 
0.961648 0.299701 -0.0142929 1.74632 
0.96139 0.3028 -0.0110364 1.74658 
0.959708 0.298374 -0.0166108 1.74144 
0.959349 0.303269 -0.0110477 1.74219 
0.958729 0.300623 -0.0142632 1.7399 
0.960697 0.297774 -0.0174122 1.74358 
0.96045 0.296456 -0.0183084 1.74254 
0.962846 0.297282 -0.016586 1.74831 
0.959848 0.30023 -0.0150318 1.74242 
0.962059 0.298579 -0.0158521 1.74699 
0.96049 0.300642 -0.0142054 1.74401 
0.95098 0.317533 0.0347779 1.7298 
0.966509 0.308826 0.0115289 1.75899 
0.953198 0.31731 0.0270081 1.73436 
0.955188 0.315996 0.0158533 1.7376 
0.954105 0.31793 0.0278851 1.73654 
0.955364 0.317803 0.0252696 1.73913 
0.956072 0.316945 0.0199469 1.74015 
0.959909 0.317852 0.0226743 1.74852 
0.956781 0.318986 0.0334997 1.74303 
0.96262 0.317907 0.0349095 1.75441 
0.955177 0.31854 0.0415734 1.74021 
0.958594 0.319456 0.0455929 1.74813 
0.957405 0.319104 0.0383511 1.74462 
0.959533 0.319003 0.0437051 1.74936 
0.961517 0.318841 0.0348579 1.75306 
0.964836 0.315757 0.0561042 1.76062 
0.956443 0.317502 0.0522923 1.74389 
0.966627 0.315736 0.0501242 1.76389 
0.961757 0.31778 0.0561452 1.75564 
0.965531 0.317221 0.0458597 1.76172 
0.952171 0.307218 0.0788776 1.73502 
0.956864 0.313314 0.0689454 1.74584 
0.958275 0.310705 0.0763171 1.7491 
0.953678 0.316492 0.0209416 1.73477 
0.975226 0.295271 0.0089695 1.77348 
0.968603 0.299834 -0.00320173 1.76093 
0.965941 0.303516 -0.00265745 1.75642 
0.965224 0.302058 -0.00628321 1.75446 
0.967283 0.295531 -0.012468 1.75702 
0.966483 0.292954 -0.0177723 1.75487 
0.964236 0.295328 -0.0179007 1.75074 
0.962605 0.293468 -0.021623 1.74664 
0.963542 0.295144 -0.0189738 1.74924 
0.961861 0.301299 -0.0119929 1.74713 
0.962848 0.296213 -0.0181406 1.74804 
0.963308 0.291289 -0.0238605 1.74756 
0.969255 0.310201 0.0731339 1.76998 
0.966195 0.303739 0.0904551 1.76563 
0.963869 0.312566 0.0748076 1.76053 
0.957587 0.318775 0.0299386 1.74435 
0.951761 0.316456 0.0242441 1.73045 
0.958488 0.318339 0.0521957 1.74827 
0.956915 0.319382 0.0423586 1.74419 
0.962886 0.317558 0.0534323 1.75717 
0.968066 0.312441 0.0673427 1.76725 
0.963471 0.31461 0.0691593 1.75939 
0.961804 0.316907 0.0265898 1.75192 
0.95846 0.315019 0.0143565 1.74418 
0.961395 0.312215 0.010763 1.74951 
0.970678 0.294515 -0.00759449 1.76397 
0.972929 0.295377 0.00521472 1.76835 
0.967367 0.302933 -0.000223898 1.75919 
0.971525 0.299031 0.00321458 1.76681 
0.96996 0.303247 0.00807319 1.76455 
0.973469 0.301032 0.0154629 1.77118 
0.967904 0.304598 0.00537848 1.76059 
0.963006 0.304159 -0.00676553 1.75047 
0.961534 0.307429 -0.00320217 1.74836 
0.961204 0.308349 -0.00142749 1.7481 
0.958531 0.306643 -0.0064156 1.74143 
0.959458 0.305621 -0.00776429 1.74317 
0.978683 0.289823 0.0157054 1.77923 
0.980917 0.285002 0.0262506 1.7826 
0.97821 0.296011 0.0223017 1.78022 
0.980768 0.294715 0.0341586 1.78609 
0.984374 0.288315 0.0442874 1.79261 
0.982339 0.291807 0.0710951 1.79164 
0.970408 0.310057 0.033034 1.76788 
0.971124 0.313163 0.0515976 1.77286 
0.977463 0.304776 0.0532647 1.78337 
0.979106 0.302946 0.0626058 1.78752 
0.979196 0.299401 0.0513678 1.78503 
0.980541 0.293602 0.0828212 1.79023 
0.965664 0.31464 0.0286506 1.75919 
0.962431 0.31582 0.0227641 1.75295 
0.956931 0.318264 0.0263011 1.74257 
0.960592 0.316447 0.0204168 1.74923 
0.969609 0.307358 0.0166357 1.76519 
0.963789 0.313737 0.0207895 1.75489 
0.975692 0.300349 0.0212262 1.77594 
0.977161 0.300875 0.0326505 1.77982 
0.970718 0.304226 0.0136117 1.76632 
0.964196 0.307445 0.0036843 1.7536 
0.965937 0.311467 0.0130091 1.75937 
0.962919 0.3114 0.00933516 1.75257 
0.970282 0.298485 -0.000921555 1.76402 
0.969524 0.291491 -0.0149607 1.76069 
0.968606 0.296396 -0.00947876 1.76012 
0.968577 0.292189 -0.016275 1.75912 
0.966015 0.296799 -0.0132417 1.7548 
0.96611 0.281967 -0.031568 1.75135 
0.966873 0.281163 -0.0321976 1.75296 
0.966453 0.279836 -0.0327999 1.75154 
0.967689 0.28049 -0.0316444 1.75465 
0.966224 0.285133 -0.0287553 1.75253 
0.966877 0.282819 -0.0299695 1.75337 
0.967086 0.28378 -0.0288891 1.75407 
0.967783 0.279427 -0.0327196 1.75462 
0.967751 0.283599 -0.0282864 1.75551 
0.965971 0.284046 -0.0299434 1.75167 
0.969296 0.282591 -0.0273489 1.75871 
0.967552 0.287613 -0.0237351 1.75592 
0.967958 0.284747 -0.0265671 1.7562 
0.968477 0.287626 -0.0226793 1.75795 
0.965062 0.288531 -0.0256764 1.75077 
0.964707 0.286805 -0.0280485 1.74948 
0.966496 0.287319 -0.0259118 1.75367 
0.991353 0.263981 0.0252367 1.80085 
0.985723 0.2813 0.0405473 1.79314 
0.98328 0.26625 -0.00830812 1.78438 
0.986506 0.261788 0.00297089 1.7898 
0.981113 0.27068 -0.00313565 1.77986 
0.98314 0.270611 0.00191627 1.78424 
0.987345 0.266477 0.0124093 1.79242 
0.988021 0.261694 0.0138786 1.79251 
0.987135 0.270986 0.0233222 1.79281 
0.985554 0.272028 0.0178273 1.78951 
0.98007 0.281318 0.00444776 1.78022 
0.974627 0.285495 -0.0101842 1.76996 
0.991472 0.261646 0.0211844 1.80054 
0.981764 0.277545 0.00832487 1.78271 
0.986571 0.256667 0.00461899 1.78845 
0.996344 0.256256 0.0608823 1.81233 
1.00403 0.237023 0.0693553 1.82733 
0.993502 0.265887 0.0704843 1.80926 
0.965568 0.317189 0.040873 1.76108 
0.971357 0.312493 0.046446 1.77233 
0.979828 0.299011 0.0455884 1.78601 
0.961031 0.315607 0.0647652 1.75419 
0.965408 0.314057 0.0655545 1.76192 
0.974013 0.297017 0.0939827 1.78045 
0.968132 0.305898 0.0855984 1.76895 
0.974273 0.30488 0.0760918 1.77951 
0.957592 0.314938 0.0642958 1.74707 
0.95058 0.312974 0.0638503 1.73065 
0.962156 0.318416 0.0473638 1.75506 
0.952327 0.315909 0.047172 1.73367 
0.955652 0.31569 0.0596744 1.74253 
0.949757 0.314341 0.0542682 1.72793 
0.960114 0.31886 0.0399549 1.75061 
0.977772 0.289875 0.0112698 1.77736 
0.979553 0.280435 -0.000984439 1.77912 
0.982415 0.284748 0.0197962 1.78631 
0.993406 0.265372 0.0510063 1.80706 
0.981173 0.29253 0.0295591 1.7861 
0.985526 0.280189 0.0316276 1.79204 
0.984284 0.28775 0.0557043 1.79285 
0.963528 0.316899 0.030165 1.75575 
0.96647 0.312874 0.0241013 1.76031 
0.968818 0.314849 0.0403743 1.76712 
0.979391 0.288162 0.00750815 1.78088 
0.958985 0.311563 0.00500993 1.74412 
0.957691 0.309658 -0.000495335 1.74064 
0.960451 0.309716 0.0028542 1.74659 
0.958528 0.309311 -0.000760412 1.74237 
0.958943 0.308306 -0.00270353 1.74292 
0.956469 0.305148 -0.00868904 1.7361 
0.962055 0.304518 -0.00809815 1.7486 
0.958798 0.302668 -0.0122038 1.74079 
0.965977 0.300257 -0.00791834 1.75556 
0.963577 0.30261 -0.00819575 1.75118 
0.965233 0.299269 -0.0103975 1.75373 
0.984592 0.246522 -0.0194632 1.78404 
0.988776 0.256924 0.00977159 1.79343 
0.988261 0.252453 0.000869178 1.792 
0.989834 0.252052 0.0110972 1.79472 
0.992481 0.240205 0.0139815 1.7992 
0.993816 0.242818 0.0182233 1.8024 
0.994873 0.25949 0.0616667 1.80976 
0.995785 0.258965 0.0684148 1.81254 
0.994061 0.265214 0.0573508 1.80914 
0.995066 0.255664 0.0310125 1.80728 
0.994625 0.259696 0.0398223 1.80758 
0.992413 0.257477 0.0215565 1.80159 
1.00092 0.244785 0.0384456 1.8188 
1.00202 0.243425 0.0411491 1.82135 
1.00074 0.24667 0.03894 1.81885 
1.00006 0.247861 0.0415935 1.81762 
0.996491 0.255418 0.0412845 1.81094 
0.997179 0.253551 0.0387059 1.81194 
0.998975 0.249877 0.0377784 1.81527 
0.998666 0.250308 0.0397054 1.81473 
0.996186 0.25371 0.0348157 1.80941 
0.960393 0.302441 -0.0119653 1.74431 
0.963206 0.301264 -0.010713 1.75007 
0.967617 0.299218 -0.00640352 1.75871 
0.96498 0.305939 -0.000155799 1.7552 
0.959547 0.310633 0.00315916 1.74508 
0.962423 0.30762 -0.00162204 1.75021 
0.964304 0.309374 0.00393777 1.75509 
0.962947 0.306214 -0.00257741 1.75081 
0.966586 0.307846 0.00797472 1.75894 
0.957203 0.306589 -0.00667471 1.73836 
0.957007 0.30318 -0.0109538 1.73673 
0.96106 0.306142 -0.00631611 1.74695 
0.956617 0.309037 -0.00151273 1.73796 
0.955427 0.311232 0.00293256 1.73608 
0.96016 0.315186 0.0170575 1.74781 
0.959744 0.312785 0.00903076 1.74619 
0.961456 0.313709 0.0155871 1.75009 
0.962783 0.310472 0.00654851 1.75202 
0.964067 0.312784 0.018014 1.75544 
0.954516 0.315276 0.0145502 1.73589 
0.955999 0.315009 0.01175 1.73894 
0.954908 0.317042 0.0224479 1.73775 
0.955931 0.31574 0.014491 1.73909 
0.957836 0.316124 0.0159373 1.74358 
0.956202 0.31287 0.00708477 1.7385 
0.955032 0.313026 0.00710193 1.73592 
0.956919 0.31173 0.00446373 1.73975 
0.954618 0.309972 0.00132724 1.73366 
0.957806 0.311302 0.0035807 1.74155 
0.954342 0.315113 0.0118305 1.73521 
0.954064 0.312249 0.00579166 1.73329 
0.956935 0.317241 0.0202028 1.74195 
0.956491 0.314122 0.0100197 1.73958 
0.958479 0.314145 0.0113484 1.74402 
0.952181 0.315267 0.0175623 1.73056 
0.953397 0.314248 0.0106538 1.7326 
0.961292 0.318219 0.0273705 1.75185 
0.960168 0.318911 0.0314072 1.74997 
0.9581 0.318 0.022707 1.74481 
0.950974 0.316514 0.0306629 1.72914 
0.954414 0.318467 0.037478 1.73822 
0.978127 0.277785 0.103005 1.78666 
0.968659 0.29667 0.0988661 1.77061 
0.978584 0.290403 0.0955628 1.78891 
0.97029 0.31031 0.0626309 1.77035 
0.979871 0.290998 0.0924617 1.7903 
0.980237 0.296422 0.0765128 1.78957 
0.975307 0.300687 0.0852924 1.782 
0.976723 0.302382 0.0726662 1.78328 
0.98878 0.280616 0.0721128 1.80289 
0.951967 0.314445 0.0595004 1.73381 
0.973251 0.300762 0.0894806 1.77885 
0.957039 0.290003 0.103631 1.74598 
0.956371 0.303648 0.08731 1.74485 
0.959611 0.295022 0.099203 1.75179 
0.980755 0.259306 0.0888781 1.78773 
0.986379 0.224682 0.0782572 1.79606 
0.981359 0.271015 0.098163 1.79146 
0.955316 0.31883 0.0337518 1.73997 
0.951712 0.316447 0.0438476 1.73203 
0.952222 0.317656 0.0381381 1.73305 
0.954445 0.31738 0.0477582 1.73894 
0.980924 0.23453 0.0597211 1.78217 
0.979231 0.269822 0.107853 1.78965 
0.962241 0.310717 0.0785174 1.75777 
0.959976 0.301107 0.0916351 1.7527 
0.956152 0.306832 0.0811004 1.74439 
0.951093 0.303645 0.0862078 1.73265 
0.951259 0.308522 0.0748944 1.73257 
0.952699 0.311401 0.0698767 1.73604 
0.95476 0.300349 0.0916043 1.7413 
0.98259 0.274554 0.102171 1.79477 
1.00284 0.241875 0.0726881 1.82593 
1.01993 0.176308 0.180507 1.88394 
1.00612 0.229039 0.0758988 1.83164 
0.997525 0.250125 0.0969855 1.81909 
1.00032 0.248533 0.0702592 1.82106 
1.00024 0.244299 0.082629 1.82153 
1.00147 0.242951 0.0886036 1.82521 
0.999776 0.250581 0.0827506 1.82203 
0.998957 0.254877 0.0789384 1.82057 
1.01436 0.196785 0.0662536 1.84644 
1.01215 0.210316 0.0740055 1.84316 
1.00774 0.2107 0.105994 1.83819 
1.0166 0.179477 0.112372 1.85866 
1.02123 0.162529 0.106867 1.86836 
1.01815 0.158654 0.147371 1.86905 
1.00824 0.212135 0.117258 1.8424 
1.00338 0.235032 0.0911944 1.82856 
1.01594 0.189526 0.0978293 1.85455 
1.00474 0.224983 0.120311 1.83671 
1.01267 0.209915 0.0649742 1.84335 
1.0133 0.206088 0.0618621 1.84425 
1.01539 0.195018 0.0540692 1.84804 
1.01878 0.178561 0.0631477 1.85646 
1.01193 0.205543 0.079007 1.84283 
1.00877 0.219632 0.0685184 1.83545 
1.00727 0.222031 0.0780861 1.83343 
1.01056 0.207592 0.0876545 1.84118 
1.00496 0.233293 0.0800196 1.83023 
1.00608 0.226652 0.0666966 1.82988 
1.00706 0.228411 0.0483326 1.83103 
1.01111 0.219554 0.0404084 1.83903 
1.00966 0.218095 0.0481862 1.83559 
1.01045 0.218048 0.0435228 1.83726 
1.00854 0.223227 0.0457058 1.83355 
1.009 0.22393 0.0426278 1.83466 
1.01266 0.214711 0.0387596 1.84224 
1.01123 0.218364 0.03897 1.8391 
1.01087 0.217809 0.0364524 1.83806 
1.01154 0.214416 0.047524 1.83969 
1.00803 0.225168 0.0551449 1.83331 
1.00896 0.223479 0.0583693 1.83558 
1.00868 0.217423 0.0734223 1.83544 
1.0072 0.227782 0.0623644 1.8324 
1.00434 0.237726 0.0549145 1.82676 
1.00692 0.230619 0.0607865 1.83209 
1.00316 0.235731 0.0607686 1.82392 
0.975812 0.200301 0.0612881 1.76551 
0.975407 0.269288 0.093393 1.77734 
0.977441 0.248964 0.0745509 1.77695 
0.979923 0.26935 0.0946862 1.78795 
0.981347 0.267597 0.0941988 1.79096 
0.983777 0.261524 0.0965094 1.79625 
0.981674 0.269869 0.0994222 1.79233 
0.982567 0.274922 0.100488 1.79479 
0.976498 0.256527 0.0750752 1.77635 
0.996158 0.0962729 0.151272 1.81917 
0.980452 0.153421 0.159377 1.78856 
0.998217 0.124838 0.0932544 1.81541 
0.998825 0.111476 0.105317 1.81776 
0.990851 0.169949 0.10984 1.80607 
0.958605 0.271433 0.116286 1.74785 
0.953935 0.292742 0.100329 1.73872 
0.96404 0.289834 0.104812 1.76127 
0.962145 0.226478 0.142703 1.75294 
0.983303 0.220031 0.120519 1.79606 
0.978749 0.196007 0.134481 1.78505 
0.976901 0.245595 0.124711 1.78667 
0.976196 0.268729 0.113379 1.78425 
0.980068 0.254717 0.117956 1.7922 
0.972911 0.28379 0.107503 1.77916 
0.96862 0.290797 0.103476 1.77082 
0.972952 0.294392 0.0981341 1.77888 
0.977196 0.283019 0.101233 1.78557 
0.979846 0.258495 0.105861 1.78862 
0.981758 0.239321 0.110091 1.79175 
0.975057 0.228595 0.130913 1.78069 
0.979126 0.195888 0.143198 1.78839 
0.973928 0.227611 0.137295 1.77974 
0.980576 0.21422 0.128346 1.79084 
0.989281 0.205452 0.112255 1.8068 
0.974215 0.211723 0.143078 1.77925 
0.982001 0.179131 0.131878 1.78978 
0.989504 0.154312 0.136122 1.80596 
0.973649 0.194598 0.15472 1.77757 
0.958033 0.258073 0.1265 1.74589 
0.984382 0.285226 0.0917606 1.79778 
0.979339 0.294726 0.0870675 1.78906 
0.982818 0.287541 0.0859838 1.79357 
0.982855 0.285081 0.0949844 1.79535 
0.985301 0.284854 0.0746445 1.79636 
0.987326 0.278583 0.0864703 1.80107 
0.986756 0.283865 0.0830721 1.801 
0.99463 0.260657 0.0862391 1.81281 
0.990113 0.273594 0.078545 1.80457 
0.993819 0.266919 0.0763013 1.81109 
0.982775 0.277788 0.0995818 1.79556 
0.984388 0.276904 0.101074 1.79788 
0.98422 0.274903 0.104428 1.79822 
0.984927 0.271141 0.109926 1.79964 
0.990405 0.26104 0.109106 1.808 
0.984614 0.270967 0.112743 1.80055 
0.988289 0.261704 0.123483 1.80842 
0.990505 0.259077 0.119775 1.811 
1.00136 0.202816 0.160575 1.83639 
0.973182 0.253659 0.145233 1.7767 
0.987156 0.255019 0.132972 1.80636 
0.999166 0.21957 0.151966 1.8316 
0.983114 0.256276 0.13698 1.7986 
0.992779 0.243195 0.137376 1.81727 
0.983794 0.279559 0.0995416 1.79739 
0.982253 0.272789 0.102303 1.79446 
0.97978 0.275929 0.100124 1.78875 
0.986942 0.216271 0.0988536 1.79938 
0.983655 0.234092 0.117686 1.79795 
0.965166 0.245184 0.132465 1.76155 
0.970413 0.270891 0.117672 1.77469 
0.973984 0.273731 0.113388 1.78087 
0.980899 0.246438 0.120079 1.79414 
0.972084 0.249874 0.126564 1.77673 
0.984098 0.257143 0.0984123 1.79708 
0.988254 0.208809 0.0854142 1.79963 
0.984592 0.242943 0.0951972 1.796 
0.984745 0.237083 0.08461 1.79404 
0.985702 0.22752 0.0622657 1.7935 
0.985257 0.2331 0.100646 1.79749 
0.995546 0.186064 0.077651 1.81443 
0.995442 0.100486 0.128685 1.81321 
0.991945 0.110885 0.142418 1.80836 
0.991729 0.145608 0.120203 1.80711 
0.988835 0.134278 0.168139 1.80842 
0.989107 0.185087 0.115207 1.80467 
0.957846 0.276173 0.114044 1.74669 
0.965714 0.277584 0.114186 1.76491 
0.974617 0.286019 0.102921 1.78153 
0.963428 0.304722 0.0884841 1.76012 
0.968081 0.309202 0.0799883 1.76901 
0.981985 0.249816 0.11027 1.79371 
0.957571 0.248989 0.132339 1.74422 
0.964827 0.253849 0.127661 1.76146 
0.970532 0.257493 0.12431 1.77431 
0.969574 0.238379 0.134295 1.77061 
0.96229 0.23707 0.137579 1.75437 
0.966979 0.210434 0.148138 1.7627 
1.00071 0.164865 0.091569 1.82679 
0.975849 0.175264 0.153995 1.7795 
1.00492 0.104297 0.0803747 1.82609 
1.00459 0.0771889 0.0894542 1.82544 
1.00392 0.065602 0.106223 1.82734 
0.987705 0.140882 0.144611 1.80183 
0.994426 0.117915 0.117153 1.80989 
1.00379 0.0821461 0.0999352 1.82634 
1.00847 0.0632058 0.0708544 1.83082 
1.00073 0.069186 0.120662 1.82237 
1.00848 0.0453364 0.0776956 1.83308 
1.0172 0.0368858 0.117025 1.86211 
0.996845 0.106327 0.158399 1.8234 
0.997898 0.105302 0.0862767 1.81003 
1.00869 0.0934502 0.069674 1.83151 
1.00555 0.0866185 0.0863366 1.82721 
1.00878 0.0733295 0.0712494 1.83112 
1.00862 0.0743959 0.0651381 1.82903 
1.01422 0.0652716 0.0457884 1.84188 
1.00635 0.0694873 0.142064 1.84087 
1.00618 0.0818075 0.076315 1.82594 
1.00574 0.0530489 0.127709 1.83547 
1.00716 0.0887883 0.0664772 1.82612 
1.0088 0.0412593 0.0909849 1.83628 
1.00784 0.0866275 0.073821 1.82958 
1.00461 0.0941991 0.0741995 1.82238 
1.00663 0.0852078 0.0682 1.82472 
1.00904 0.087659 0.0642951 1.82983 
1.00858 0.0855845 0.063111 1.82785 
1.01233 0.0571517 0.0594501 1.83905 
1.0148 0.0356481 0.0563807 1.84664 
1.00853 0.0617291 0.0790237 1.83289 
1.01043 0.0834991 0.0590051 1.83163 
1.00713 0.0882626 0.0629603 1.8228 
1.0153 0.0246733 0.0960412 1.85353 
1.02004 0.0429562 0.0202066 1.85714 
1.03077 0.0187919 0.0558201 1.88874 
1.01558 0.0477848 0.0375563 1.84612 
1.01362 0.0463924 0.0508533 1.84223 
1.02125 0.0234878 0.044022 1.8627 
1.02899 0.016099 0.0817104 1.88675 
1.01241 0.064518 0.0546297 1.83796 
1.00967 0.0897654 0.059452 1.82928 
1.0095 0.0877919 0.0571465 1.8289 
1.0092 0.0856887 0.0615549 1.82842 
1.00867 0.0840754 0.063531 1.82806 
1.00831 0.0871165 0.0615769 1.82581 
1.01111 0.0804447 0.0593391 1.83378 
1.00991 0.0794488 0.0643223 1.83166 
1.00878 0.0856308 0.0622245 1.8277 
1.00081 0.104796 0.0754819 1.8087 
1.00727 0.0954731 0.0641438 1.82349 
1.01219 0.106804 0.0472557 1.83602 
1.01451 0.117545 0.0305255 1.84238 
1.01452 0.0882765 0.0333995 1.84163 
1.00746 0.0955273 0.0606352 1.82385 
1.01147 0.0905896 0.0526012 1.83383 
1.00885 0.0841357 0.0615635 1.82781 
1.01439 0.0744129 0.0435389 1.84165 
1.00826 0.0823929 0.0660188 1.82774 
1.01061 0.077138 0.0560033 1.83249 
1.01194 0.0716302 0.05878 1.83655 
1.00978 0.0990144 0.0528049 1.82969 
1.00721 0.110057 0.0595272 1.82397 
1.00763 0.109294 0.0659468 1.82537 
1.00931 0.129545 0.0566976 1.83025 
1.01305 0.129923 0.0421935 1.83916 
1.00949 0.120144 0.0557337 1.83011 
1.00804 0.149874 0.0549221 1.82836 
1.01564 0.0970319 0.0170472 1.84496 
1.01341 0.129402 0.0348956 1.84003 
1.01595 0.107053 0.0146704 1.84609 
1.02022 0.0576188 -0.00161764 1.85721 
1.03481 0.0384867 -0.0028628 1.89504 
1.02645 0.0267594 0.0286052 1.87489 
1.00374 0.0927354 0.0677835 1.81457 
1.01213 0.18772 0.041435 1.8401 
1.01064 0.117797 0.048707 1.8326 
1.00702 0.172236 0.0655952 1.82932 
1.00581 0.168612 0.0607368 1.82504 
1.00782 0.155737 0.0632866 1.82914 
1.00632 0.133851 0.0640877 1.82359 
1.00253 0.133416 0.0740819 1.81516 
1.00421 0.126945 0.0686198 1.81824 
1.00616 0.116069 0.0684205 1.82235 
1.00889 0.101604 0.0579686 1.82767 
1.006 0.101422 0.0672432 1.82081 
1.00632 0.0914422 0.0653631 1.82091 
1.0046 0.0972648 0.0698754 1.81714 
1.00168 0.100209 0.0725058 1.81025 
0.996831 0.105782 0.0792989 1.79928 
0.97726 0.131245 0.0941044 1.75536 
1.00198 0.112685 0.0747022 1.81216 
0.986286 0.115563 0.0882356 1.77514 
1.01921 0.0749032 0.0281439 1.85409 
1.01471 0.0961517 0.0274661 1.84223 
1.01284 0.0928028 0.0422221 1.83739 
1.01145 0.106154 0.034203 1.83419 
1.01985 0.0894237 -0.0181634 1.85689 
1.02219 0.0709756 -0.0195519 1.86254 
1.02027 0.0862952 -0.00996328 1.85756 
1.01534 0.0771036 0.00938141 1.84439 
1.01779 0.0930603 -0.00299672 1.85111 
1.01846 0.103339 -0.00264188 1.85312 
1.01596 0.121134 0.00671129 1.84703 
1.01685 0.116116 -0.00985539 1.84964 
1.01617 0.0792269 0.033528 1.84593 
1.012 0.0873805 0.048666 1.83523 
1.01315 0.1037 0.0422443 1.83842 
1.01681 0.0878934 0.00956847 1.84811 
1.01291 0.080193 0.0497341 1.8378 
1.01854 0.0638931 0.0185611 1.85272 
1.01586 0.0601744 0.0382643 1.84614 
1.01556 0.0651741 0.0296206 1.84512 
1.02346 0.0322367 0.013879 1.86615 
0.996321 0.14215 0.0852575 1.8025 
0.998022 0.126179 0.0840122 1.80474 
0.991892 0.164127 0.0794417 1.79501 
0.999164 0.179697 0.0721361 1.81296 
1.0182 0.0549581 0.0119944 1.85207 
1.01339 0.0740273 0.0171414 1.83954 
1.02433 0.0519389 -0.0115547 1.86797 
1.01845 0.0695407 -0.0023474 1.85256 
1.01869 0.0740828 -0.0101883 1.85335 
1.02796 0.060853 -0.0181422 1.87735 
1.01184 0.199844 0.0410317 1.84016 
1.01684 0.131577 -0.0118595 1.85055 
1.0146 0.144074 -0.00960753 1.84566 
1.0195 0.1376 -0.0133515 1.85778 
1.01581 0.134649 -0.00530194 1.84783 
1.02084 0.12236 -0.0123805 1.86021 
1.01465 0.146353 0.00677264 1.84501 
1.0149 0.126021 0.0171615 1.84412 
1.01502 0.11706 0.0223178 1.84387 
1.01395 0.139874 0.0286618 1.84193 
1.01425 0.153364 0.0304785 1.84316 
1.01243 0.177248 0.0323493 1.83985 
1.01343 0.172975 0.0271699 1.84212 
1.01395 0.153063 -0.0033424 1.84428 
0.971294 0.183007 0.0666733 1.74767 
1.01502 0.124084 0.000956826 1.84501 
1.01713 0.109952 0.0055463 1.84957 
1.02273 0.100625 -0.0177303 1.86454 
1.02548 0.0805775 -0.0219469 1.87119 
1.0121 0.191782 0.0283696 1.83965 
1.0136 0.176518 0.019239 1.843 
1.01203 0.158262 0.037739 1.83784 
1.01206 0.171265 0.0379854 1.83874 
1.01449 0.15154 0.0174595 1.84433 
1.01258 0.161542 0.00626324 1.84076 
1.01309 0.167743 0.00595566 1.8425 
1.01342 0.160908 0.00191083 1.84309 
1.01444 0.137048 0.0212347 1.84332 
1.0172 0.10783 -0.0124245 1.85051 
1.01349 0.158235 0.0070813 1.84286 
1.01607 0.160176 0.0201443 1.84857 
1.00989 0.151838 0.0435516 1.83235 
1.01252 0.140045 0.0444672 1.83834 
1.00914 0.139222 0.052512 1.83016 
1.01035 0.190004 0.0500412 1.83686 
1.01037 0.159365 0.0506964 1.83451 
1.00918 0.149549 0.061781 1.83187 
1.01303 0.192561 0.0358883 1.84228 
1.01173 0.193991 0.0440727 1.83983 
1.01169 0.178849 0.0438388 1.83856 
1.0096 0.171508 0.0500192 1.83334 
1.01274 0.20062 0.0342803 1.84182 
1.01451 0.147747 -0.00907865 1.84552 
1.00462 0.205589 0.00904619 1.83361 
1.0154 0.197511 0.0254709 1.85359 
1.0003 0.124221 0.0786169 1.80942 
0.993437 0.113455 0.0858103 1.79227 
1.00363 0.157241 0.0733845 1.82016 
0.998248 0.156295 0.0794932 1.80782 
0.989669 0.147863 0.0905008 1.788 
1.002 0.174476 0.0731614 1.81884 
1.00711 0.19989 0.0555328 1.83342 
1.00926 0.201195 0.0511565 1.83699 
1.00448 0.149441 0.0719732 1.82122 
1.01161 0.204602 0.0415371 1.84015 
1.01234 0.210021 0.0384962 1.84175 
1.01234 0.20308 0.0373999 1.8412 
1.01196 0.177458 0.00388601 1.8406 
1.01186 0.179886 0.00393757 1.84047 
1.0119 0.177072 0.00242757 1.84052 
1.0155 0.15689 -0.00843463 1.84876 
1.01287 0.195967 0.0201389 1.84208 
1.01307 0.187349 0.0253542 1.84189 
1.01443 0.16223 0.0253441 1.84412 
1.01257 0.188725 0.0326936 1.84085 
1.01327 0.200414 0.0236236 1.84297 
1.01314 0.204482 0.0282348 1.84276 
1.01257 0.204532 0.0316767 1.84142 
1.01215 0.215432 0.0259203 1.84097 
1.01218 0.215596 0.0223363 1.84115 
1.01313 0.209062 0.0237893 1.84302 
1.01256 0.212495 0.0273165 1.84172 
1.01268 0.209532 0.0318011 1.84195 
1.01089 0.220291 0.0279884 1.83839 
1.01222 0.179348 0.00535426 1.84128 
1.0148 0.147341 0.00171149 1.84577 
1.01477 0.131009 0.00154312 1.84467 
1.01548 0.138282 0.00754941 1.84652 
1.01291 0.175734 0.00929142 1.84219 
1.01306 0.184129 0.0127812 1.84267 
1.01284 0.1835 0.00933926 1.84249 
1.01515 0.141658 -0.0042936 1.84662 
1.01444 0.152325 0.0120891 1.84454 
1.01292 0.140748 0.0170018 1.8398 
1.01411 0.166879 0.0086641 1.84474 
1.01287 0.164063 0.0159385 1.84094 
1.01336 0.170017 0.0163744 1.84234 
1.01387 0.151975 0.00150573 1.84374 
1.01404 0.158088 0.0115743 1.84387 
1.01662 0.14995 -0.00994248 1.85103 
1.01332 0.156972 -0.00291412 1.84291 
1.01372 0.159008 -0.00593815 1.84426 
1.01328 0.165226 0.000529336 1.84323 
1.01301 0.168716 -0.000605732 1.84291 
1.01319 0.171684 0.00442163 1.84319 
1.01243 0.172831 0.00145345 1.84165 
1.01398 0.16425 -0.00432147 1.84521 
1.01295 0.161799 -0.00417729 1.8424 
1.0134 0.169189 -0.0027565 1.84407 
1.01276 0.167839 0.0011046 1.84207 
1.01253 0.170797 -0.00170695 1.84196 
1.01237 0.170706 -0.000396398 1.84147 
1.01219 0.174239 0.00167789 1.84112 
1.01214 0.174035 0.000452762 1.84107 
1.0125 0.172337 -0.000992806 1.84196 
1.01179 0.18018 0.0053032 1.84023 
1.01235 0.175495 0.00102913 1.84165 
1.01234 0.183392 0.00486307 1.84169 
1.01215 0.187597 0.00869266 1.8411 
1.01183 0.183251 0.00651433 1.84031 
1.01253 0.187768 0.00922109 1.84198 
1.01239 0.190145 0.00858873 1.84161 
1.01238 0.188532 0.00737656 1.84166 
1.01215 0.188316 0.00771567 1.84108 
1.01231 0.187419 0.00690623 1.84152 
1.01254 0.190328 0.00985321 1.84197 
1.0124 0.190654 0.0097092 1.84163 
1.01214 0.188325 0.00833096 1.84105 
1.01249 0.191642 0.0106869 1.84179 
1.01227 0.185899 0.00765754 1.84143 
1.01256 0.191113 0.0108854 1.84196 
1.01254 0.191977 0.00971266 1.8418 
1.03649 0.120169 0.110098 1.90601 
1.01528 0.185352 0.0115451 1.84625 
1.01503 0.186374 0.0116716 1.84585 
1.01525 0.186424 0.0110612 1.84637 
1.01193 0.185505 0.00615408 1.84065 
1.01204 0.184181 0.00544776 1.84094 
1.01199 0.184255 0.0061386 1.84079 
1.01281 0.195751 0.011066 1.84253 
1.01246 0.191438 0.0093314 1.84169 
1.01271 0.191925 0.00974523 1.84218 
1.01242 0.190893 0.00898511 1.84161 
1.01218 0.188003 0.00723296 1.84118 
1.01582 0.193681 0.00406805 1.84836 
1.01592 0.186188 0.0082759 1.84777 
1.01555 0.191632 0.0066097 1.84758 
1.01468 0.188633 0.0105497 1.84537 
1.01482 0.18736 0.0116015 1.84555 
1.0143 0.189026 0.0112362 1.84466 
1.01434 0.196486 0.00812731 1.84536 
1.01449 0.193718 0.00863094 1.84546 
1.01409 0.194283 0.00911343 1.84467 
1.01311 0.197381 0.0108302 1.84306 
1.01437 0.199599 0.00830902 1.84578 
1.01512 0.196802 0.00589891 1.84711 
1.01485 0.194699 0.00689825 1.84625 
1.01285 0.198565 0.0118372 1.84262 
1.01308 0.205202 0.0143455 1.84329 
1.0132 0.19769 0.0105885 1.84321 
1.01333 0.201904 0.0116718 1.84373 
1.01253 0.205439 0.0130933 1.84191 
1.0131 0.205861 0.0102877 1.84312 
1.01405 0.201591 0.00932291 1.84523 
1.01266 0.191275 0.00993725 1.84194 
1.01278 0.191429 0.0101144 1.84218 
1.01262 0.191509 0.00977574 1.84191 
1.01276 0.191851 0.00998885 1.84222 
1.0125 0.191036 0.00920899 1.84175 
1.0129 0.192592 0.00996925 1.84261 
1.01315 0.192258 0.0104973 1.84289 
1.01244 0.190632 0.0088056 1.84167 
1.013 0.193068 0.0102723 1.84271 
1.01248 0.191052 0.00943707 1.84163 
1.01468 0.195049 0.00798751 1.846 
1.00895 0.238386 0.00812443 1.83814 
1.01304 0.217803 0.00843241 1.84426 
1.00942 0.232877 0.0162181 1.83733 
1.01146 0.227547 0.00655498 1.84204 
1.00904 0.228646 0.0174461 1.83545 
1.02155 0.162432 -0.0057776 1.86018 
1.01967 0.166761 0.00186073 1.85518 
1.01857 0.173257 0.000807754 1.85275 
1.01951 0.175521 -0.00814775 1.85572 
1.00247 0.24654 0.000596029 1.8285 
1.00397 0.243078 -0.0153082 1.83252 
1.00301 0.237104 -0.0292772 1.8317 
1.00862 0.23449 -0.038656 1.84408 
1.00551 0.236207 -0.0370445 1.83743 
0.999946 0.23195 -0.0260711 1.82409 
1.00309 0.232046 -0.0393796 1.83204 
1.01247 0.224397 -0.0381877 1.84959 
1.00884 0.239783 -0.0195791 1.84235 
1.00778 0.238741 -0.0291568 1.84168 
1.00667 0.24112 -0.0204713 1.83802 
1.00446 0.240704 -0.0241557 1.83442 
1.0102 0.236088 -0.0150382 1.84345 
1.00936 0.234088 -0.0241674 1.84235 
1.0128 0.229224 -0.0236044 1.84929 
1.015 0.204338 -0.00372566 1.8478 
1.01602 0.188934 0.00560843 1.84826 
1.01742 0.187832 -0.00159251 1.85154 
1.01802 0.177734 0.00546238 1.85171 
1.01778 0.181398 0.0027776 1.85157 
1.01854 0.176444 0.00244735 1.85293 
1.01774 0.179874 0.00142646 1.85132 
1.01987 0.171394 -0.00457056 1.85607 
1.01878 0.17827 -0.00284203 1.85385 
1.01958 0.18001 -0.00596771 1.85618 
1.01494 0.203161 -0.000606121 1.84738 
1.01537 0.19945 0.00305529 1.84794 
1.01472 0.202842 0.00401419 1.84673 
1.01228 0.187735 0.00827682 1.8414 
1.01218 0.187844 0.00771771 1.84117 
1.01194 0.18665 0.00746965 1.84058 
1.01223 0.186097 0.00634993 1.84137 
1.01205 0.184759 0.00565601 1.84098 
1.01268 0.192129 0.0101097 1.84231 
1.01239 0.190768 0.00925627 1.84161 
1.0121 0.188247 0.0088941 1.84094 
1.0123 0.18976 0.00880036 1.84142 
1.01214 0.186723 0.00674087 1.8411 
1.01388 0.193601 0.00946834 1.84419 
1.01407 0.196274 0.00936218 1.84492 
1.01403 0.195678 0.00898814 1.84465 
1.01387 0.194087 0.00978479 1.84433 
1.01334 0.193031 0.0104377 1.84326 
1.01372 0.194751 0.0100744 1.8442 
1.01358 0.193706 0.0103121 1.84381 
1.01362 0.193247 0.0102909 1.84384 
1.01355 0.192515 0.0104446 1.84363 
1.01337 0.192456 0.0105132 1.84327 
1.01348 0.191497 0.0107608 1.8434 
1.01306 0.191604 0.0105922 1.84264 
1.01318 0.191918 0.0105768 1.84292 
1.01322 0.191293 0.0108551 1.8429 
1.0131 0.191353 0.0107187 1.84269 
1.01305 0.194842 0.0103433 1.84282 
1.013 0.194657 0.0103657 1.84287 
1.01334 0.192975 0.0104158 1.84335 
1.01228 0.189048 0.00817313 1.84137 
1.01243 0.190804 0.00906728 1.84171 
1.01227 0.189322 0.00809926 1.84135 
1.01283 0.195968 0.0122166 1.84255 
1.01258 0.198224 0.014123 1.84193 
1.01315 0.198675 0.0125906 1.84336 
1.01261 0.199219 0.0116312 1.84191 
1.0137 0.199558 0.00982413 1.84431 
1.01356 0.199522 0.0104439 1.8441 
1.01349 0.203554 0.00983063 1.84398 
1.01327 0.201694 0.0108117 1.84347 
1.01348 0.207732 0.00933257 1.8442 
1.01417 0.207101 0.00736095 1.84583 
1.0139 0.197735 0.00927021 1.84459 
1.01347 0.19637 0.0100712 1.84367 
1.0128 0.195879 0.0106502 1.84237 
1.01266 0.193518 0.0103575 1.84214 
1.01266 0.194022 0.0109186 1.8422 
1.01294 0.195316 0.0107989 1.84283 
1.01342 0.196398 0.0103848 1.8437 
1.01364 0.195278 0.0100986 1.84407 
1.01323 0.194186 0.0102736 1.84312 
1.01288 0.19436 0.010283 1.84251 
1.01274 0.193528 0.0102847 1.84228 
1.01286 0.19324 0.0100406 1.84252 
1.01236 0.192374 0.00987828 1.84147 
1.01278 0.192867 0.0100496 1.84236 
1.0126 0.191941 0.00984755 1.84213 
1.01247 0.19145 0.00931957 1.84177 
1.01244 0.190178 0.00834521 1.84172 
1.0123 0.189073 0.00769411 1.84143 
1.0124 0.190291 0.00854161 1.84162 
1.01247 0.189454 0.0078259 1.84185 
1.01264 0.191469 0.00955498 1.84205 
1.01248 0.190868 0.00906607 1.84172 
1.01237 0.189992 0.00821748 1.84156 
1.01258 0.191218 0.00965918 1.84182 
1.01335 0.191515 0.0107536 1.84318 
1.0129 0.19137 0.0103945 1.84234 
1.01324 0.191917 0.0105987 1.843 
1.013 0.191656 0.0104332 1.8426 
1.01304 0.192013 0.0103767 1.84272 
1.01281 0.191809 0.0101234 1.84226 
1.01331 0.193386 0.0102859 1.84335 
1.01307 0.192793 0.0102945 1.84284 
1.013 0.192163 0.0102679 1.84266 
1.01284 0.192537 0.010071 1.8424 
1.0133 0.194231 0.0102891 1.84341 
1.01284 0.191424 0.0102831 1.84226 
1.01293 0.191295 0.0106532 1.84233 
1.01355 0.191208 0.0109108 1.84352 
1.01381 0.191374 0.0105861 1.84401 
1.01359 0.190558 0.0112625 1.84346 
1.01322 0.191124 0.0109668 1.8428 
1.01338 0.190762 0.0111834 1.84302 
1.01235 0.213956 -0.0695423 1.85194 
1.02186 0.205819 -0.0775469 1.87576 
1.01648 0.205481 -0.0763846 1.86092 
1.02006 0.198084 -0.0777123 1.86835 
1.01926 0.194703 -0.0748821 1.86508 
1.01379 0.192581 0.0100799 1.84402 
1.01379 0.190014 0.0114487 1.84374 
1.01356 0.190324 0.0113453 1.8433 
1.0134 0.191027 0.0110688 1.84317 
1.01387 0.19055 0.010954 1.84402 
1.01367 0.191974 0.0103705 1.84374 
1.01412 0.192664 0.00968779 1.84473 
1.01878 0.194558 -0.0714827 1.86344 
1.01403 0.189145 0.0116869 1.8441 
1.01374 0.189771 0.0115555 1.84356 
1.01421 0.190608 0.0104038 1.84466 
1.01396 0.190162 0.011187 1.84416 
1.01364 0.191063 0.0109014 1.84365 
1.01385 0.191001 0.0106565 1.844 
1.0137 0.190735 0.0110702 1.84371 
1.02149 0.18918 -0.0728196 1.86952 
1.02008 0.18779 -0.0704682 1.86552 
1.0197 0.19034 -0.0687989 1.86475 
1.01538 0.192959 0.00721275 1.84739 
1.01533 0.189577 0.00735145 1.84676 
1.01563 0.188224 0.00673073 1.84724 
1.01532 0.18668 0.00961544 1.84646 
1.01434 0.189403 0.0108869 1.84478 
1.01525 0.189159 0.00889388 1.84669 
1.01467 0.188083 0.0109065 1.84529 
1.01488 0.188807 0.00999321 1.84585 
1.01505 0.187131 0.0106827 1.84599 
1.01503 0.18839 0.0097226 1.84608 
1.01513 0.188696 0.00835267 1.84622 
1.01556 0.187145 0.00881252 1.84708 
1.01592 0.185035 0.00860087 1.84757 
1.01606 0.184929 0.0103071 1.84802 
1.01493 0.187533 0.0110507 1.84584 
1.01529 0.185811 0.0109517 1.84634 
1.01458 0.192536 0.00888188 1.84557 
1.01451 0.189425 0.0105862 1.84515 
1.01417 0.190081 0.0107587 1.84451 
1.01448 0.190715 0.00988963 1.84524 
1.0142 0.1917 0.00954321 1.84466 
1.01524 0.187548 0.0100342 1.84648 
1.01468 0.189838 0.00960738 1.84548 
1.01499 0.19042 0.00888473 1.84625 
1.01405 0.189876 0.0111591 1.84426 
1.01464 0.190153 0.010009 1.84554 
1.01472 0.191778 0.0084838 1.84571 
1.01458 0.188069 0.0113708 1.84513 
1.01409 0.189363 0.011424 1.84425 
1.0141 0.18869 0.011812 1.84414 
1.01383 0.189356 0.0117022 1.84367 
1.02133 0.177748 -0.0602209 1.86639 
1.02172 0.184254 -0.0683772 1.86905 
1.02244 0.178354 -0.0663637 1.87 
1.02501 0.160274 -0.0611305 1.87484 
1.02301 0.158266 -0.0262032 1.86494 
1.0237 0.164313 -0.0560421 1.87078 
1.02231 0.164657 -0.0497297 1.86644 
1.02234 0.172367 -0.0539015 1.86765 
1.01873 0.190697 -0.0649524 1.86194 
1.01451 0.21197 -0.0426808 1.85223 
1.01756 0.20163 -0.0739128 1.86219 
1.02132 0.181584 -0.0665448 1.86749 
1.02095 0.183212 -0.0642285 1.86645 
1.02048 0.180887 -0.0607214 1.86459 
1.02033 0.190396 -0.0511811 1.86411 
1.01965 0.188039 -0.058863 1.86315 
1.01959 0.184115 -0.0526815 1.8617 
1.0218 0.179554 -0.0462008 1.86579 
1.01822 0.192219 -0.0554166 1.85971 
1.01741 0.20016 -0.0218719 1.85453 
1.01576 0.199086 -0.0112927 1.84933 
1.01626 0.205518 -0.0173636 1.85206 
1.02059 0.166095 -0.0233413 1.85901 
1.02192 0.167851 -0.0358784 1.86372 
1.02342 0.162474 -0.039213 1.86765 
1.02681 0.14157 -0.0241061 1.87482 
1.01429 0.215357 -0.0317392 1.85072 
1.01661 0.210434 -0.0372182 1.85628 
1.01255 0.226415 -0.0337757 1.84944 
1.0132 0.215599 -0.0442494 1.85003 
1.01714 0.204084 -0.047149 1.8578 
1.0209 0.192447 -0.0750177 1.86879 
1.01758 0.19513 -0.0622098 1.85943 
1.01918 0.187459 -0.0625349 1.86235 
1.01771 0.195832 -0.0564003 1.85914 
1.01859 0.196823 -0.0759966 1.86402 
1.01762 0.198093 -0.0690321 1.8609 
1.01755 0.201965 -0.0707049 1.86174 
1.01467 0.187683 0.0117221 1.8453 
1.0143 0.188431 0.0118297 1.84458 
1.01445 0.188572 0.0114822 1.84495 
1.0232 0.17004 -0.061331 1.87063 
1.01756 0.188168 -0.00799938 1.85215 
1.02176 0.174712 -0.0651271 1.86783 
1.02452 0.17098 -0.0656313 1.87458 
1.02239 0.174512 -0.0625703 1.8691 
1.02319 0.168432 -0.0573746 1.86995 
1.02161 0.176506 -0.0552202 1.86633 
1.01427 0.187925 0.011949 1.84437 
1.02481 0.163903 -0.0628284 1.8747 
1.01469 0.186943 0.0117007 1.84515 
1.02629 0.15645 -0.0617571 1.87819 
1.0168 0.189384 0.00248863 1.85017 
1.01522 0.191669 0.00541783 1.84664 
1.01576 0.192503 0.00226015 1.84799 
1.01635 0.182683 0.00924692 1.84829 
1.0167 0.185217 0.00761357 1.84952 
1.01661 0.182368 0.00841261 1.84886 
1.01748 0.177565 0.010353 1.85033 
1.01595 0.182485 0.0114719 1.84734 
1.01561 0.184103 0.0115458 1.8468 
1.01544 0.183355 0.011685 1.84623 
1.01521 0.184744 0.0116373 1.84596 
1.0301 0.146157 -0.0614985 1.88766 
1.01614 0.182785 0.0107103 1.84784 
1.04432 0.126794 -0.0565137 1.92297 
1.02977 0.136107 -0.0491635 1.88496 
1.02465 0.151842 -0.0387225 1.87051 
1.02452 0.156983 -0.0334073 1.86952 
1.02371 0.161311 -0.045642 1.86924 
1.02619 0.155493 -0.0537331 1.87654 
1.02769 0.150212 -0.0605585 1.88136 
1.0265 0.150119 -0.0552945 1.87753 
1.0248 0.160228 -0.0576367 1.87373 
1.01606 0.183746 0.0103754 1.8478 
1.0162 0.179686 0.0115177 1.84747 
1.02683 0.131478 -0.0196097 1.8751 
1.02604 0.144977 -0.0372125 1.874 
1.03168 0.127834 -0.0340619 1.88857 
1.0333 0.136089 -0.0594137 1.89519 
1.03368 0.120168 -0.0395857 1.8949 
1.01752 0.177082 0.00952414 1.85035 
1.01882 0.171701 0.00896622 1.85323 
1.01748 0.173062 0.0115263 1.84988 
1.01671 0.178812 0.0114379 1.84858 
1.01524 0.196716 0.004323 1.84732 
1.01574 0.18432 0.00979688 1.84708 
1.01594 0.184229 0.00919058 1.84752 
1.01695 0.180832 0.00859396 1.84946 
1.01657 0.181104 0.0105239 1.8486 
1.01577 0.181609 0.0115687 1.84672 
1.01628 0.182207 0.0100983 1.84806 
1.01632 0.180845 0.0113659 1.84795 
1.01482 0.185878 0.0117872 1.84521 
1.0156 0.1857 0.0102232 1.84703 
1.01573 0.184283 0.0109621 1.8471 
1.01827 0.173303 0.00731341 1.8519 
1.01883 0.17041 0.00914229 1.8533 
1.01795 0.175791 0.00975955 1.85128 
1.01787 0.174837 0.00909744 1.85098 
1.01809 0.174077 0.0110765 1.85147 
1.01714 0.180166 0.00770543 1.84982 
1.01818 0.175128 0.00792048 1.85181 
1.01837 0.173805 0.00986276 1.85216 
1.01716 0.175664 0.011399 1.84928 
1.01713 0.179014 0.0103934 1.84966 
1.01738 0.177013 0.0113523 1.84999 
1.01653 0.177802 0.0116729 1.84799 
1.03672 0.106764 -0.00260402 1.90312 
1.02292 0.14938 -0.00394329 1.86391 
1.02324 0.144155 0.0046021 1.86535 
1.02018 0.159975 0.00567781 1.85678 
1.02867 0.142487 -0.0475877 1.88193 
1.04532 0.112998 -0.0211323 1.92536 
1.07419 0.105735 0.0397597 2.00598 
1.01515 0.157353 0.0294719 1.84948 
1.01779 0.175046 0.0110185 1.85077 
1.01756 0.173488 0.0211476 1.85586 
1.0175 0.164375 0.0165301 1.8523 
1.01807 0.168689 0.013947 1.85336 
1.01775 0.168267 0.0125438 1.8514 
1.0223 0.155303 -0.0182456 1.86255 
1.02475 0.148201 -0.0154358 1.86874 
1.02287 0.134073 0.00194274 1.86506 
1.01877 0.153164 0.0145392 1.85451 
1.02153 0.167014 -0.00293985 1.86 
1.02271 0.157287 -0.000838551 1.86307 
1.01866 0.170846 0.00525727 1.85278 
1.02038 0.164525 0.00483605 1.85707 
1.01904 0.166695 0.00815639 1.85385 
1.02493 0.129675 0.0753162 1.88291 
1.01296 0.181659 0.0937063 1.86353 
1.01527 0.141339 0.0326354 1.85005 
1.01889 0.16641 0.0107962 1.85387 
1.02313 0.12493 0.0137974 1.86742 
1.01496 0.158116 0.0200292 1.84639 
1.01915 0.159555 0.0106643 1.85482 
1.0183 0.169878 0.0116495 1.85214 
1.01606 0.16792 0.0164641 1.84933 
1.00846 0.173046 0.0314694 1.8354 
0.965063 0.249907 0.0499411 1.75462 
0.983729 0.220149 0.0764386 1.79543 
0.993585 0.221757 0.0418999 1.81263 
0.990798 0.225948 0.0109017 1.80298 
0.994882 0.202433 0.0105224 1.80834 
1.00604 0.182076 0.0380187 1.83313 
1.0172 0.145901 0.0542822 1.85962 
0.994236 0.212049 0.0560894 1.8146 
0.962716 0.270608 -0.0117987 1.74821 
0.983537 0.237256 0.0257874 1.78991 
0.936121 0.261668 -0.054063 1.68406 
0.945043 0.270671 -0.0147134 1.70836 
0.947959 0.271463 -0.0369692 1.71502 
0.976516 0.250996 0.0165208 1.77611 
0.97102 0.262677 0.0124049 1.76764 
0.964761 0.270156 -0.0366632 1.75074 
0.979063 0.248212 -0.0256811 1.77364 
0.980589 0.247897 -0.0195603 1.77777 
0.977987 0.257193 -0.0256015 1.77264 
0.963495 0.261887 0.0234142 1.75194 
0.982705 0.242872 -0.00540743 1.78398 
0.982675 0.24298 -0.0175959 1.78235 
0.974063 0.205098 -0.0234373 1.75533 
0.982361 0.232893 -0.0265415 1.77945 
0.978419 0.237456 -0.0358095 1.7702 
1.00647 0.175033 0.0548095 1.83651 
1.00166 0.19814 0.0303573 1.82549 
0.989911 0.231311 -0.00139873 1.80004 
0.981649 0.226263 -0.0248627 1.77689 
0.981592 0.22198 -0.0317544 1.7762 
1.01181 0.180773 0.00434718 1.8403 
1.01186 0.182599 0.00480618 1.84045 
1.01232 0.181421 0.00424585 1.84161 
1.01184 0.182091 0.00589725 1.84037 
1.01284 0.186505 0.0110267 1.84243 
1.01255 0.180378 0.00685224 1.84199 
1.01288 0.178529 0.0069094 1.84263 
1.01185 0.185879 0.0068717 1.84043 
1.01218 0.18537 0.00699339 1.84126 
0.999979 0.247608 0.0348222 1.81693 
0.969679 0.252376 0.0665516 1.75829 
0.970826 0.240391 0.0570232 1.75807 
0.979989 0.251332 0.0816371 1.78402 
0.981216 0.271964 0.106911 1.79244 
0.973257 0.267411 0.0906585 1.77186 
0.970325 0.263305 0.0861767 1.76337 
0.978326 0.271215 0.104174 1.7859 
0.975706 0.269959 0.110978 1.78065 
0.967863 0.268159 0.101133 1.76042 
1.00383 0.231414 0.113886 1.83386 
0.999822 0.247815 0.0347509 1.8166 
0.999957 0.247659 0.0349404 1.81689 
1.0012 0.245587 0.0343565 1.81946 
1.00016 0.247156 0.0355923 1.81731 
1.00043 0.246649 0.0351107 1.81783 
0.99986 0.247818 0.0350942 1.81671 
1.00036 0.247176 0.0343002 1.81775 
1.00015 0.247264 0.0349654 1.81728 
1.00016 0.247317 0.0348032 1.8173 
0.999221 0.248392 0.034024 1.8153 
0.999975 0.247589 0.0348719 1.81691 
1.00017 0.247431 0.0346079 1.81734 
1.00012 0.247448 0.0348294 1.81723 
1.00006 0.247483 0.0347765 1.8171 
0.996222 0.260828 0.0810597 1.81584 
0.989799 0.273441 0.0844342 1.80477 
0.998636 0.253175 0.072902 1.81844 
0.993769 0.263353 0.0962926 1.81373 
0.997757 0.252821 0.0874353 1.81839 
0.999532 0.248815 0.0909819 1.82238 
0.987934 0.274602 0.097222 1.80364 
0.994848 0.260216 0.0490469 1.80883 
0.998267 0.254487 0.056336 1.81611 
0.991797 0.269335 0.0588606 1.80502 
0.990731 0.275346 0.0556393 1.8041 
0.991875 0.270055 0.046038 1.80448 
0.988511 0.274975 0.0476021 1.79799 
0.987956 0.280443 0.0595633 1.79937 
0.968687 0.313814 0.0343851 1.76584 
0.968558 0.309506 0.0230538 1.76339 
0.977115 0.302934 0.040216 1.78084 
0.971123 0.307847 0.0269984 1.76843 
0.975427 0.303488 0.0277994 1.7767 
0.980777 0.292652 0.0422577 1.78548 
0.973659 0.308551 0.0467042 1.77557 
0.973395 0.307287 0.040071 1.7739 
0.983029 0.293973 0.0661442 1.79354 
0.976202 0.305171 0.0665928 1.78231 
0.982667 0.292769 0.0587571 1.79126 
0.995553 0.254987 0.0276744 1.80836 
0.991082 0.266818 0.0990682 1.80898 
0.990315 0.278179 0.0672911 1.8051 
0.992818 0.269347 0.0667399 1.80827 
1.00773 0.236128 0.0192934 1.83371 
1.01007 0.22835 0.0214576 1.83781 
1.00708 0.232974 0.0250729 1.83124 
1.0019 0.247196 0.0313467 1.82163 
1.00278 0.242923 0.0323759 1.82277 
1.00437 0.238952 0.0314844 1.82581 
1.00311 0.241472 0.0359459 1.82333 
1.00184 0.243019 0.0391333 1.82068 
1.00159 0.244387 0.0367778 1.82027 
1.00107 0.245419 0.0360299 1.81919 
1.00027 0.246987 0.0361908 1.81759 
0.99986 0.247865 0.035278 1.81674 
0.999501 0.248444 0.0350032 1.81601 
0.999981 0.247534 0.0350449 1.81693 
0.99914 0.248788 0.0351564 1.81524 
1.00017 0.247526 0.0345745 1.81737 
1.00023 0.247622 0.0344783 1.81755 
1.00052 0.246854 0.0342495 1.81808 
1.00134 0.245882 0.0333294 1.81988 
1.00025 0.247309 0.0346087 1.81752 
0.999826 0.247986 0.036402 1.81677 
1.00142 0.24498 0.0346684 1.8199 
1.00352 0.244289 0.0284481 1.82493 
1.0037 0.241115 0.0309256 1.82462 
1.00297 0.244413 0.030779 1.82357 
0.994918 0.24827 0.114352 1.81626 
0.995051 0.240894 0.12909 1.81918 
0.991354 0.265733 0.105134 1.8109 
0.99109 0.262857 0.114707 1.812 
0.987956 0.268113 0.110555 1.80524 
0.993945 0.25484 0.108663 1.81438 
0.986699 0.274666 0.100868 1.8019 
0.98799 0.278179 0.0935109 1.80409 
0.993486 0.264468 0.0901269 1.81192 
1.0071 0.240258 0.0191921 1.83315 
1.00874 0.238176 0.0118308 1.8372 
1.00925 0.232638 0.0131133 1.83705 
1.01188 0.211426 0.0172539 1.8404 
1.01247 0.21527 0.0140062 1.84224 
1.01126 0.225142 0.0153927 1.84043 
1.0122 0.222617 0.00392364 1.84317 
1.01158 0.224606 0.0124718 1.84133 
1.01137 0.228238 0.0104763 1.84158 
1.01304 0.212905 0.00839817 1.84363 
1.01206 0.218256 0.00539906 1.84201 
1.01211 0.22101 -0.00041631 1.84294 
1.01465 0.214903 -0.00212994 1.84833 
1.01471 0.199412 0.006598 1.84642 
1.01406 0.210152 0.00646069 1.8459 
1.01538 0.20625 0.00212703 1.8488 
1.00917 0.225128 0.0305741 1.83491 
1.00749 0.229302 0.0561347 1.83285 
1.0084 0.225862 0.0484425 1.83385 
1.00607 0.233684 0.0446994 1.82939 
1.00833 0.227159 0.0419129 1.83356 
1.00975 0.219516 0.0585687 1.83687 
1.01201 0.212622 0.0449292 1.84052 
1.01275 0.211288 0.0399141 1.84227 
1.0123 0.211929 0.036398 1.84126 
1.00538 0.204042 0.0422424 1.83126 
1.01333 0.208727 0.0383003 1.8445 
1.00993 0.197177 0.0497212 1.83684 
1.01913 0.181102 0.0342466 1.85775 
1.00275 0.238649 0.0630713 1.82382 
1.0124 0.212015 0.0383491 1.84155 
1.01145 0.213266 0.0428932 1.83912 
1.01136 0.216023 0.0422577 1.83919 
1.0096 0.22009 0.0515781 1.836 
1.01269 0.213015 0.0518681 1.84265 
1.01019 0.21732 0.0547679 1.83726 
1.01306 0.208886 0.052135 1.84314 
1.0139 0.206927 0.0420018 1.84484 
1.01624 0.185723 0.0817131 1.85234 
1.01497 0.197184 0.0750398 1.84903 
1.01675 0.191498 0.0606932 1.85162 
1.01584 0.192799 0.0481712 1.84903 
1.01995 0.175745 0.0756339 1.86052 
1.0207 0.172704 0.0536202 1.86086 
1.02914 0.138633 0.0347466 1.88193 
1.01685 0.181893 0.045134 1.85122 
1.01613 0.203341 0.0445474 1.85017 
1.01353 0.207188 0.0484776 1.84391 
1.01342 0.209695 0.0448438 1.84375 
1.0122 0.208991 0.0390633 1.8418 
1.01144 0.206676 0.0422747 1.84062 
1.0107 0.203989 0.0438108 1.83848 
1.00823 0.195513 0.054583 1.83372 
1.01054 0.205499 0.0393028 1.84009 
1.01317 0.207135 0.0376439 1.84454 
1.01376 0.207187 0.039885 1.84468 
1.0154 0.198551 0.0445399 1.84821 
1.01328 0.209133 0.0391924 1.84363 
1.06889 0.0994515 0.0469688 1.98612 
1.01969 0.167589 0.0249343 1.85962 
1.02121 0.180617 0.0132507 1.86677 
1.00997 0.216934 0.0624561 1.83737 
1.01131 0.217146 0.0311638 1.83901 
1.01202 0.214579 0.0371818 1.84063 
1.01129 0.219136 0.0341398 1.83925 
1.00969 0.219896 0.0459296 1.83581 
1.01008 0.223545 0.0370289 1.83705 
1.00992 0.222253 0.0403118 1.83653 
1.00848 0.226858 0.0383417 1.83372 
0.998753 0.24043 0.111081 1.82265 
0.99978 0.228427 0.128691 1.82759 
0.995336 0.247475 0.123002 1.8197 
0.988849 0.268989 0.106212 1.80631 
1.0022 0.219203 0.137567 1.83435 
1.0017 0.20101 0.176385 1.84131 
0.984005 0.23892 0.160148 1.80231 
0.991627 0.232416 0.149692 1.81556 
0.972218 0.269321 0.109599 1.77239 
0.984846 0.266262 0.120254 1.80139 
0.979555 0.262084 0.130505 1.79077 
1.01903 0.149744 0.16547 1.87465 
0.99148 0.215738 0.175544 1.81884 
1.0107 0.179977 0.145586 1.85223 
1.00936 0.204315 0.127578 1.84674 
0.988362 0.240804 0.152083 1.81087 
0.967266 0.265479 0.122187 1.7614 
0.980368 0.266598 0.122075 1.79215 
0.974716 0.261902 0.133412 1.78027 
1.01064 0.217852 0.0906657 1.84339 
1.01203 0.201156 0.0978334 1.84582 
1.0074 0.220018 0.0991175 1.83738 
1.00015 0.247661 0.0345937 1.81735 
1.00006 0.247663 0.0346557 1.81718 
1.0001 0.2477 0.0340113 1.81747 
1.00495 0.23594 0.0426063 1.82701 
1.00251 0.240544 0.0438168 1.82207 
1.00393 0.238295 0.0395637 1.82484 
1.00741 0.231184 0.0383642 1.83192 
1.002 0.242121 0.0451312 1.82126 
1.00982 0.222227 0.0343685 1.8361 
1.01159 0.216105 0.0402344 1.8397 
1.00026 0.247669 0.0343194 1.81765 
1.00086 0.24664 0.0336174 1.81887 
1.00031 0.246933 0.0348507 1.81759 
1.04775 0.120472 0.156437 1.94389 
1.0096 0.222141 0.0855462 1.84039 
1.00433 0.226816 0.101964 1.83148 
1.00324 0.234375 0.0969256 1.82925 
1.04122 0.103396 0.122309 1.91989 
1.02077 0.141712 0.0753004 1.86222 
1.04326 0.115276 0.0226754 1.91808 
1.06654 0.0951561 0.100098 1.9838 
1.01294 0.188084 0.127749 1.85395 
1.0128 0.205248 0.0555467 1.8424 
