0.948267 0.554096 0.0918698 1.82419 
1.00246 0.491742 0.0677 1.91477 
1.00136 0.488892 0.0557083 1.91188 
1.05877 0.3851 0.0835525 2.00812 
0.997631 0.0678463 0.452417 1.89868 
1.06367 0.328933 0.18753 2.01473 
1.04187 0.0727378 0.39107 1.98438 
1.00082 0.493759 0.0715862 1.91211 
1.08764 0.284758 0.105559 2.05146 
1.00177 0.492077 0.0716139 1.91356 
1.003 0.490141 0.0734032 1.91567 
0.844803 0.433779 0.313416 1.6087 
0.997842 0.498496 0.0640306 1.90694 
1.1276 0.0562835 0.0492216 2.12239 
1.00103 0.493419 0.0711129 1.91242 
0.999513 0.450807 0.00102926 1.90049 
0.918627 0.448426 -0.0640576 1.72929 
1.00152 0.492693 0.0711028 1.91324 
1.05954 0.389702 0.0432245 2.00932 
0.998974 0.494994 0.0982245 1.91061 
1.11499 0.18608 0.0134747 2.10341 
0.990134 0.464914 0.208943 1.89316 
1.08309 0.251132 0.189747 2.04494 
1.00063 0.494659 0.0693122 1.91195 
0.863946 0.622998 0.100784 1.68699 
0.997316 0.498855 0.0780944 1.90683 
1.00591 0.486579 0.0653413 1.92032 
0.998893 0.49723 0.0670031 1.90892 
1.06968 0.368592 0.0270768 2.02681 
1.00533 0.487912 0.0643478 1.91952 
0.861411 0.548906 0.30498 1.68599 
1.00279 0.465689 0.18037 1.9172 
1.04772 0.407255 0.0668827 1.98761 
1.04174 0.433011 -0.0400019 1.9817 
1.11647 0.131726 0.125965 2.09915 
0.998976 0.496792 0.068076 1.909 
0.99098 0.498448 0.12719 1.89674 
0.985437 0.511255 0.0954381 1.8867 
1.04464 0.41753 0.050528 1.98316 
0.715284 0.541224 0.303258 1.39916 
0.947812 0.495135 0.249345 1.81956 
1.04227 0.383469 0.197193 1.98157 
1.0071 0.474488 0.117932 1.92221 
1.06531 0.304972 0.199387 2.01646 
1.00368 0.492714 0.0573004 1.91719 
1.07942 0.264392 0.191295 2.03892 
1.074 0.361984 0.0712351 2.03577 
1.0499 0.363441 0.203646 1.99463 
1.09262 0.231264 0.174623 2.06182 
1.0706 0.317733 0.176988 2.02641 
0.969758 0.539254 0.0359782 1.86145 
1.07305 0.322034 0.178898 2.03312 
1.076 0.305781 0.167512 2.03515 
1.0008 0.493561 0.072907 1.91208 
1.03203 0.428657 0.123844 1.96308 
1.06389 0.380571 0.0373372 2.01678 
0.999037 0.496571 0.0684131 1.90906 
1.05692 0.348645 0.188871 2.00429 
0.999271 0.495976 0.0710881 1.90951 
1.08361 0.330952 -0.00733047 2.04947 
1.00097 0.493873 0.0689669 1.91234 
1.07725 0.311001 0.121509 2.03406 
1.00005 0.49511 0.0706059 1.9109 
0.848027 0.501035 -0.173976 1.62087 
0.981145 0.502983 -0.0233622 1.87262 
1.0207 0.461759 -0.0497297 1.9454 
1.00074 0.494369 0.0692622 1.91207 
1.00092 0.494843 0.0683294 1.91267 
1.01801 0.469813 0.0391106 1.94004 
1.04322 0.425359 -0.00962403 1.98193 
1.04629 0.346227 0.219884 1.98346 
1.00051 0.493638 0.0639242 1.9113 
0.945313 0.327085 -0.18846 1.77385 
1.06564 0.377551 -0.0100301 2.01952 
1.01834 0.46634 0.0624329 1.94047 
0.997999 0.496776 0.0622173 1.9067 
1.01413 0.468333 0.122034 1.93666 
1.06822 0.372138 0.0239391 2.0243 
1.07124 0.365407 0.0179685 2.02945 
0.999221 0.497218 0.0668579 1.90959 
1.00061 0.493515 0.075334 1.91179 
0.999682 0.495413 0.0699544 1.91012 
1.00354 0.490117 0.0674457 1.91653 
0.792474 0.456622 0.421298 1.55624 
1.0652 0.37854 0.0197393 2.01894 
1.02686 0.459009 -0.0026696 1.95578 
1.08677 0.254719 0.172159 2.05078 
1.05764 0.392776 0.0372056 2.0055 
0.9986 0.490608 0.0611979 1.90652 
0.998508 0.497482 0.0687943 1.90828 
1.00016 0.494827 0.0705992 1.91101 
0.957659 0.314394 -0.154962 1.79252 
0.990826 0.508898 0.0708049 1.89606 
1.00407 0.487146 0.0844308 1.91763 
1.0725 0.361405 0.0138064 2.03122 
1.01351 0.476896 0.0493616 1.93306 
0.998766 0.496761 0.0697212 1.9086 
1.04713 0.303872 0.197112 1.9731 
1.00131 0.493379 0.0693601 1.91295 
1.08766 0.304372 0.0640175 2.05389 
1.12555 0.0465394 0.112113 2.11982 
1.06113 0.380063 -0.0994627 2.01433 
1.06526 0.378969 0.0221653 2.01927 
0.880231 0.497017 -0.0655093 1.66763 
0.999374 0.496357 0.0681527 1.90973 
1.06418 0.29194 0.224455 2.01143 
1.10595 0.226553 0.100585 2.08403 
1.06588 0.377434 0.021922 2.02026 
1.07109 0.327485 0.179317 2.02931 
0.911676 0.554608 0.214346 1.76303 
1.06505 0.381217 0.0208235 2.01945 
0.998918 0.495978 0.0682039 1.90847 
1.03271 0.408197 0.166891 1.96236 
0.999391 0.496345 0.0679662 1.90975 
0.789699 0.541547 0.236806 1.52198 
1.0647 0.37826 0.0114621 2.01747 
1.00004 0.493143 0.0644304 1.91025 
1.00318 0.49071 0.0666102 1.91589 
0.980802 0.519248 0.0777036 1.87856 
0.993079 0.505449 0.0481385 1.89843 
1.06191 0.373813 0.101858 2.01354 
1.06971 0.368002 0.0290909 2.02677 
0.997398 0.499456 0.0660736 1.90644 
1.0604 0.386477 -0.0691728 2.01194 
0.999478 0.495817 0.0714092 1.90994 
1.0841 0.268786 0.202363 2.04982 
0.975951 0.522207 0.0724131 1.86843 
0.961524 0.545019 0.0515337 1.84627 
0.999061 0.490228 0.0589895 1.90755 
1.05903 0.393545 0.0213492 2.00886 
1.0735 0.312565 0.163453 2.03048 
1.08646 0.28966 0.0944576 2.04889 
1.06841 0.353448 -0.119307 2.0261 
1.11225 0.194368 -0.0393368 2.09678 
0.898625 0.461882 0.0701181 1.69158 
1.06564 0.379175 0.0226586 2.0203 
1.11427 0.151917 0.152797 2.09967 
1.03464 0.439123 0.0153834 1.96646 
0.93012 0.355001 -0.182497 1.74477 
1.00027 0.494677 0.0703864 1.91118 
0.744126 0.550026 0.00773412 1.42368 
1.03943 0.408058 0.145236 1.97561 
0.939117 0.571794 0.0184366 1.81059 
0.487887 0.552145 0.0917879 0.990775 
0.857847 0.50554 -0.0511079 1.62473 
0.525728 0.598758 0.0977793 1.08473 
1.00136 0.494298 0.0639044 1.9131 
1.00073 0.49416 0.0698734 1.91198 
0.862715 0.53745 0.0667592 1.64877 
1.01167 0.474055 0.0850884 1.9296 
1.05352 0.393192 0.0885909 1.99843 
0.965602 0.452429 0.34155 1.87952 
1.03679 0.423007 0.0921399 1.96894 
0.933364 0.576572 0.0555468 1.80139 
0.758522 0.561422 0.281111 1.48483 
1.06854 0.362894 0.0281266 2.02214 
1.00248 0.489137 0.0824784 1.91463 
1.08978 0.305255 0.0567425 2.05754 
1.04955 0.41105 -0.0911464 1.99606 
0.987192 0.467185 -0.00839215 1.87439 
1.01434 0.458058 0.117371 1.93194 
0.999759 0.49439 0.0676557 1.91004 
0.894391 0.459225 0.153972 1.68149 
1.05935 0.389198 0.0684228 2.00861 
0.999599 0.493076 0.0657888 1.90936 
1.06486 0.379313 0.0219584 2.01839 
0.986401 0.513863 0.0866628 1.8895 
1.06474 0.337857 0.183388 2.01932 
1.00061 0.494786 0.0681618 1.91188 
1.00042 0.494648 0.0700063 1.91149 
1.06459 0.374832 -0.0821676 2.01916 
1.01381 0.475529 0.0602641 1.93365 
1.08296 0.314384 0.0716057 2.04532 
1.06229 0.385518 0.0181307 2.01409 
0.998515 0.497445 0.0683699 1.90825 
1.00116 0.493296 0.0610978 1.91247 
1.04223 0.421593 0.0432581 1.97852 
0.99731 0.50043 0.0648906 1.90663 
1.06196 0.383034 0.041726 2.01293 
0.994093 0.505291 0.0568358 1.90093 
1.10888 0.0668288 0.241225 2.09565 
1.08905 0.268225 0.155102 2.0562 
1.06474 0.378506 0.00740426 2.01761 
0.723887 0.489371 0.396619 1.43075 
1.07684 0.319299 0.11265 2.03463 
0.999296 0.495881 0.0702009 1.90946 
1.00109 0.493645 0.0695497 1.91257 
1.10703 0.0915388 0.194043 2.08065 
1.08629 0.247353 0.179783 2.05015 
1.00092 0.49526 0.0684407 1.91288 
0.99749 0.498718 0.0689482 1.9065 
1.01465 0.482854 0.0214713 1.93582 
1.06873 0.295101 0.202152 2.02218 
1.05272 0.393617 -0.125352 2.0017 
1.08979 0.304107 -0.00967523 2.05777 
1.0708 0.355498 0.0350147 2.02558 
1.0766 0.338419 0.0411515 2.03493 
0.997557 0.493151 0.057967 1.90462 
1.09637 0.289228 0.0348822 2.06943 
1.08157 0.315603 0.101652 2.04447 
1.06154 0.374802 0.0907745 2.01198 
0.869207 0.343744 0.482332 1.68003 
1.00046 0.494191 0.0730054 1.91157 
0.999021 0.496615 0.0683027 1.90904 
1.05485 0.403731 -0.0750828 2.00513 
1.07513 0.352522 0.0191379 2.03495 
1.06501 0.38046 0.0238333 2.01918 
1.04838 0.41158 -0.0594361 1.99106 
1.06563 0.37799 0.0214176 2.01984 
1.09196 0.247154 0.165659 2.0611 
1.00061 0.494726 0.0656281 1.91176 
1.06352 0.381903 0.0184325 2.0159 
1.06489 0.379211 0.0208851 2.01845 
1.04729 0.417312 0.0184145 1.9886 
1.08354 0.331357 0.0505016 2.04983 
0.996287 0.494673 0.0549918 1.90236 
0.919962 0.545991 -0.0445176 1.76566 
1.01886 0.476877 0.0262668 1.94387 
1.1007 0.270523 0.00641887 2.07627 
1.0868 0.319026 0.02513 2.05396 
0.998615 0.492649 0.0619612 1.90708 
1.07228 0.351506 0.0357622 2.02803 
1.00211 0.492381 0.0678218 1.91425 
0.999444 0.495708 0.0702743 1.90973 
1.06725 0.369783 0.04933 2.0219 
1.01285 0.474724 0.0636075 1.93118 
0.999142 0.496601 0.0676336 1.90924 
1.05858 0.3842 0.0728896 2.00654 
1.0014 0.488211 0.0535278 1.91174 
1.08383 0.328478 0.0172912 2.04914 
1.06524 0.378347 0.0180919 2.01893 
1.06474 0.382104 0.0230024 2.01906 
1.06849 0.372435 0.0117551 2.0249 
1.00115 0.492434 0.0745936 1.91248 
1.01633 0.277036 0.370685 1.93859 
0.998919 0.496347 0.0727156 1.90897 
1.00013 0.495172 0.067579 1.91093 
1.00205 0.493396 0.0613627 1.91411 
0.999779 0.493763 0.0667439 1.90986 
1.00041 0.494759 0.0695322 1.9115 
1.10281 0.254864 -0.0194655 2.07946 
1.08164 0.334496 0.0418895 2.04661 
1.08222 0.329579 -0.0807078 2.04894 
1.1126 0.122114 0.187278 2.10984 
0.999033 0.496733 0.0685779 1.90914 
1.00091 0.493817 0.0699623 1.91226 
1.01565 0.476555 0.0338178 1.93677 
1.06307 0.38304 -0.0131201 2.01508 
1.00292 0.490533 0.0715379 1.91553 
1.06491 0.379705 0.0226759 2.01868 
1.12011 0.166455 0.0502203 2.10724 
1.00083 0.494475 0.0682824 1.91227 
1.00767 0.476801 0.109007 1.92365 
1.06672 0.368972 0.0276861 2.01964 
0.718895 0.578214 0.278481 1.42515 
1.07457 0.348426 0.0248551 2.03234 
1.07257 0.361635 -0.00483972 2.03143 
1.06601 0.377132 0.0240455 2.02051 
0.999725 0.495323 0.0698072 1.91017 
1.06784 0.365839 0.0351704 2.02159 
1.01569 0.465011 0.10008 1.93645 
1.06609 0.374042 0.0449025 2.02027 
1.08179 0.215306 0.18122 2.0323 
0.998819 0.497178 0.0679764 1.90882 
1.00563 0.483818 0.0831814 1.91964 
1.11453 0.238762 0.0413533 2.1026 
1.00237 0.492039 0.0660594 1.91459 
0.998499 0.497126 0.0723791 1.90834 
1.00217 0.492324 0.0576937 1.91423 
0.998996 0.496198 0.0734384 1.90913 
1.06384 0.379695 0.0244141 2.01608 
1.06877 0.371084 0.0238485 2.02531 
1.06926 0.362277 0.0468091 2.0243 
1.0701 0.317394 0.181848 2.02531 
1.00003 0.495129 0.0703614 1.91083 
0.987226 0.502545 0.116941 1.88877 
1.08293 0.327476 -0.064125 2.04865 
0.997128 0.488853 0.0520996 1.90269 
1.06981 0.298766 0.107265 2.02113 
1.00022 0.495053 0.0676676 1.91121 
0.964338 0.545403 0.00367274 1.85236 
1.06953 0.368205 0.0213241 2.02618 
1.07005 0.359752 -0.0797451 2.02759 
0.999063 0.496515 0.0688912 1.90913 
1.08004 0.242803 0.213509 2.03929 
1.06463 0.379698 0.0229652 2.01797 
0.968132 0.539526 0.0749376 1.85993 
0.918234 0.406562 0.133933 1.71503 
0.791756 0.452592 0.339689 1.5304 
0.854277 0.614202 0.156342 1.66844 
0.985414 0.514638 0.0127429 1.88399 
1.01834 0.456928 0.109337 1.94019 
0.999516 0.495725 0.0706333 1.90993 
1.00222 0.491927 0.070149 1.91445 
1.07964 0.132553 0.320618 2.0471 
1.06486 0.379468 0.0232374 2.01848 
0.923461 0.548579 -0.0394374 1.77255 
1.11061 -0.00600215 0.224911 2.10115 
0.859172 0.431209 0.298093 1.63388 
1.00499 0.490385 0.052597 1.9193 
1.00034 0.49532 0.0677321 1.91147 
1.00258 0.490987 0.0727561 1.91502 
1.0495 0.414727 0.0127857 1.99301 
1.08062 0.335149 0.0174251 2.04305 
1.06897 0.368985 0.022944 2.02508 
1.08686 0.269387 0.170501 2.0534 
0.905498 0.577886 0.168092 1.75448 
1.07293 0.359416 -0.0305148 2.03207 
1.03479 0.433427 0.0890964 1.96795 
0.993666 0.505218 0.0530645 1.89975 
0.936552 0.479049 0.327076 1.81022 
1.05751 0.398986 -0.00986411 2.007 
1.00027 0.488001 0.0560418 1.90977 
1.0002 0.494908 0.0700051 1.91111 
1.00039 0.494818 0.0695898 1.91149 
0.86184 0.572939 0.267097 1.68301 
0.998964 0.496338 0.071092 1.90896 
1.0642 0.379235 0.0257512 2.01686 
0.998974 0.496707 0.0687213 1.909 
1.0513 0.401112 0.0836876 1.99546 
1.05806 0.395432 0.0239463 2.00716 
1.0642 0.383517 -0.0543892 2.01946 
1.06126 0.386888 0.0300595 2.01221 
1.0309 0.429151 0.113001 1.95918 
1.06685 0.372279 0.0388451 2.02139 
1.00024 0.494742 0.0669797 1.91111 
1.00182 0.492636 0.068618 1.91373 
1.10929 0.248201 -0.0747279 2.09854 
0.998199 0.497621 0.0698056 1.90769 
0.858788 0.434011 0.448447 1.68052 
1.01717 0.471788 0.0451978 1.93928 
1.12286 -0.0152 0.136993 2.11943 
1.00145 0.493312 0.0687012 1.91321 
0.99982 0.493647 0.0815416 1.91046 
0.999568 0.495823 0.0673898 1.90994 
1.07667 0.315639 0.132575 2.03517 
1.06902 0.270893 0.205517 2.01773 
0.999587 0.493945 0.0672603 1.90955 
0.996482 0.502129 0.0611631 1.90515 
1.01435 0.423257 0.218351 1.93364 
1.07928 0.300064 0.158709 2.04062 
1.00044 0.495107 0.0680389 1.91164 
0.998937 0.496971 0.0673337 1.90895 
1.09666 0.279694 -0.0757994 2.07243 
0.999918 0.495106 0.07146 1.91064 
0.995915 0.49765 0.094194 1.90432 
0.999923 0.495225 0.0700771 1.91061 
0.999155 0.496202 0.0681835 1.90914 
1.00467 0.48912 0.0653893 1.91858 
0.998827 0.496819 0.0693161 1.90875 
0.811159 0.609021 0.229009 1.59449 
0.998545 0.497212 0.0699615 1.90832 
0.982797 0.219562 0.449223 1.8802 
1.00051 0.494513 0.0696833 1.91162 
1.00034 0.494884 0.0696509 1.9114 
1.0965 0.28854 -0.056597 2.07155 
1.0056 0.485598 0.0782297 1.92003 
1.05378 0.395145 -0.105804 2.00228 
1.0818 0.340318 -0.0151195 2.04785 
1.00259 0.489619 0.0801891 1.91497 
0.999173 0.496527 0.0678971 1.90931 
0.998375 0.495342 0.0819602 1.9079 
1.08376 0.287546 0.158818 2.04822 
1.08984 0.294176 -0.0954451 2.06055 
1.07278 0.310076 0.187613 2.03092 
1.05697 0.397008 -0.0211882 2.00517 
1.08072 0.33403 -0.0329161 2.04383 
0.999202 0.49283 0.0654673 1.90844 
0.998963 0.496386 0.0698781 1.90889 
1.0006 0.494886 0.0690464 1.91197 
1.04248 0.355992 0.249369 1.98368 
1.04509 0.413746 0.0679628 1.98371 
1.01701 0.468492 0.0569518 1.93792 
1.06935 0.368718 0.026043 2.026 
1.04013 0.380048 0.181373 1.97227 
0.924183 0.583249 0.0380335 1.7845 
1.00115 0.485472 0.0502638 1.91106 
0.999401 0.496392 0.0674778 1.90972 
1.00186 0.492715 0.0674235 1.9138 
0.999722 0.495326 0.0696899 1.91016 
0.999536 0.495653 0.0703907 1.90993 
1.02819 0.383792 0.250545 1.95867 
1.09315 0.292699 0.0348024 2.06287 
1.01529 0.46309 0.092228 1.93385 
0.978975 0.403854 -0.061422 1.84553 
1.00325 0.491987 0.0604954 1.91618 
0.885861 0.533201 -0.0553678 1.69054 
1.07226 0.323935 0.131816 2.0265 
1.06535 0.376909 0.0237914 2.01883 
0.998285 0.497865 0.0691157 1.90797 
1.00093 0.493397 0.0721348 1.91225 
0.996435 0.499435 0.0762809 1.90489 
1.04698 0.270164 0.295942 1.98442 
0.999304 0.496433 0.0682674 1.90962 
1.09118 0.306814 -0.0129433 2.06228 
0.975276 0.517129 0.134332 1.87067 
1.07143 0.315388 0.171531 2.02735 
1.0356 0.437696 0.0312766 1.96841 
1.05761 0.392109 0.0488366 2.00563 
0.958114 0.439166 0.33223 1.84189 
1.0663 0.372141 0.0291471 2.01972 
0.797424 0.614645 -0.100177 1.56847 
1.05315 0.40447 -0.0296361 1.9987 
1.0006 0.494665 0.0678662 1.91179 
1.00051 0.494788 0.0662187 1.91162 
0.996378 0.501723 0.06433 1.90505 
1.00094 0.494291 0.0688007 1.91248 
1.04777 0.404618 0.119836 1.99171 
1.06835 0.365732 0.0301631 2.0227 
1.00673 0.465908 0.142003 1.92049 
0.816314 0.540533 -0.145485 1.57176 
1.06405 0.321347 0.212752 2.01824 
1.00423 0.483526 0.106489 1.9184 
1.00107 0.494765 0.065407 1.91266 
0.871024 0.514551 -0.124706 1.66378 
1.0414 0.424256 -0.108605 1.98148 
0.932777 0.536264 0.215799 1.79975 
1.09664 0.293722 -0.00784178 2.07246 
1.05291 0.404242 0.0376499 1.99794 
0.997258 0.440185 0.280581 1.91657 
0.998858 0.496012 0.0684308 1.90836 
0.997511 0.49796 0.0605004 1.90598 
1.06646 0.383833 0.0364596 2.0236 
1.00595 0.474281 0.0206356 1.91733 
1.06854 0.323685 0.166819 2.02169 
1.10379 0.263325 0.0200661 2.07978 
1.11046 0.21516 0.0636917 2.09054 
1.06435 0.320772 0.194168 2.01518 
1.06635 0.369654 0.0805039 2.02145 
1.06588 0.372391 0.0642473 2.0201 
0.997414 0.498415 0.0459683 1.90464 
1.11559 0.189694 0.067209 2.09965 
1.06687 0.375291 0.0182873 2.02192 
0.970823 0.526879 0.108057 1.86233 
1.05532 0.399731 0.0259568 2.00196 
1.00173 0.492535 0.0704859 1.9136 
1.06766 0.37329 0.0234083 2.0233 
1.1092 0.231176 -0.0408376 2.09206 
1.1249 0.0998784 0.0420063 2.11502 
1.0003 0.494782 0.0701222 1.91129 
0.998735 0.497558 0.0647278 1.90864 
1.08744 0.306776 0.0503677 2.05329 
1.06434 0.379845 0.0211907 2.01731 
1.0612 0.391595 0.00194142 2.01338 
1.00094 0.491983 0.0592657 1.91177 
0.999559 0.49555 0.0699525 1.9099 
0.999295 0.49526 0.06838 1.90902 
0.999605 0.495099 0.0683886 1.90966 
0.894637 0.470571 -0.0713191 1.68547 
1.07365 0.352091 0.027655 2.03134 
1.03944 0.403819 0.134557 1.97264 
1.07446 0.346642 0.0430296 2.03221 
1.00127 0.493389 0.0689621 1.91283 
1.12538 0.116847 0.000535562 2.11789 
0.997874 0.498046 0.0707076 1.9072 
1.06294 0.382469 0.0334144 2.01499 
0.997311 0.499616 0.0669159 1.90639 
1.00611 0.486904 0.0609358 1.92071 
1.00092 0.493886 0.0692965 1.91227 
1.0098 0.477842 0.0882018 1.92717 
0.725167 0.521198 0.310413 1.41488 
1.06899 0.3587 0.0784804 2.02418 
1.06995 0.367361 -0.00411675 2.02676 
1.06178 0.386243 0.0128166 2.01298 
0.999339 0.494816 0.0662796 1.90916 
1.03479 0.434374 0.0780725 1.96741 
1.10392 0.239833 0.108123 2.08226 
1.03555 0.417526 0.152368 1.97088 
1.10196 0.257849 0.0391527 2.07662 
0.973825 0.400641 -0.0796862 1.83491 
1.06566 0.380475 0.0205302 2.02071 
1.10224 0.283933 -0.0162038 2.08309 
1.07324 0.345931 -0.105391 2.03411 
1.08406 0.34528 0.0747432 2.05565 
0.999506 0.491991 0.0640293 1.90885 
1.00037 0.494253 0.07496 1.91155 
0.924622 0.526694 -0.0375527 1.76715 
1.06502 0.377354 0.0239503 2.01817 
1.08961 0.311587 -0.0554209 2.06054 
1.06736 0.335887 0.132858 2.01803 
1.06943 0.369958 0.00803347 2.02636 
0.923787 0.444784 -0.0578185 1.73821 
1.08197 0.333841 -0.000378653 2.04626 
1.00203 0.492663 0.0661455 1.91409 
1.07868 0.337038 0.0342606 2.03947 
1.104 0.247717 0.0515843 2.08008 
1.0247 0.451812 0.0701364 1.94983 
1.10944 0.200614 0.108135 2.08901 
0.999809 0.493674 0.0663169 1.90993 
1.0022 0.492007 0.0694559 1.9144 
1.00168 0.493077 0.0676618 1.91356 
1.06266 0.294706 0.26218 2.01679 
0.993157 0.505694 0.0689095 1.89977 
1.05031 0.407316 0.0310689 1.99248 
0.863699 0.45317 0.414355 1.69083 
1.00024 0.494935 0.0698029 1.9112 
1.00067 0.494463 0.0682625 1.91187 
1.00396 0.491313 0.0586193 1.91734 
0.999309 0.48894 0.0583373 1.90769 
1.03835 0.431386 0.0433368 1.97294 
1.09145 0.302192 0.025011 2.06083 
0.900933 0.604195 0.0398392 1.74779 
1.06474 0.376958 0.0252901 2.01738 
0.763574 0.532007 0.364519 1.5071 
1.07084 0.36532 0.0127512 2.02828 
1.11236 0.120639 0.207554 2.10017 
1.00186 0.492538 0.0693008 1.91383 
1.09408 0.294865 -0.00527806 2.06611 
1.02579 0.457587 0.0439263 1.95355 
0.781708 0.463235 0.439082 1.54072 
1.06511 0.381476 0.0216574 2.01972 
1.00069 0.495162 0.0665613 1.91214 
1.03738 0.4289 0.0613183 1.97042 
1.00068 0.494242 0.0696644 1.91188 
1.00025 0.494372 0.071714 1.91109 
1.09486 0.231875 0.166018 2.06549 
1.10591 0.200802 0.131287 2.08242 
0.781074 0.550375 -0.137417 1.50605 
1.10851 0.239018 -0.0109887 2.09049 
0.992079 0.503523 0.0912911 1.89796 
1.06699 0.375204 0.0115843 2.02214 
0.871435 0.439147 -0.198238 1.64933 
0.997854 0.498341 0.0682414 1.90712 
1.00072 0.49439 0.0680108 1.91195 
1.00011 0.494711 0.0713065 1.91088 
1.05566 0.405434 -0.0408788 2.00575 
1.06017 0.391222 0.0308436 2.01107 
1.10688 0.179884 0.144448 2.08339 
1.00054 0.495161 0.0684824 1.91193 
1.00653 0.483201 0.0804053 1.92127 
1.01078 0.478009 0.0725554 1.92835 
1.06394 0.368739 -0.118047 2.01983 
1.06359 0.381422 0.0217644 2.01599 
1.00127 0.493963 0.066346 1.91292 
1.04642 0.420518 0.0343687 1.9881 
1.00039 0.494703 0.0698501 1.91146 
1.08002 0.33581 0.0233444 2.04199 
1.05726 0.388517 0.0652789 2.0043 
1.02489 0.4489 0.104705 1.95199 
1.08932 0.237796 0.178393 2.05563 
1.0468 0.402858 0.108318 1.9873 
1.02723 0.440251 0.133997 1.9575 
1.00043 0.494601 0.0695634 1.91148 
1.07594 0.354957 0.0137585 2.03772 
0.934073 0.556607 0.149241 1.8013 
1.11034 0.215012 -0.0245233 2.09123 
0.998998 0.496699 0.068923 1.90907 
1.02556 0.457448 0.0237865 1.95266 
1.06017 0.386494 0.0562529 2.01032 
0.849463 0.60702 -0.0199432 1.65043 
1.06653 0.375893 0.0235592 2.02136 
1.0614 0.386758 0.0262183 2.01245 
1.00515 0.488257 0.0622747 1.91914 
0.999806 0.495328 0.0711624 1.91046 
1.02895 0.418793 0.175416 1.95877 
1.0652 0.379662 0.0232808 2.01937 
1.06469 0.379185 0.0227371 2.01795 
0.998688 0.496968 0.0688775 1.90846 
1.0672 0.370766 0.0245786 2.02135 
0.952403 0.556827 0.0677565 1.83322 
1.05969 0.377526 -0.132293 2.01426 
1.09346 0.248266 0.156171 2.06324 
0.927807 0.555254 -0.0332354 1.78033 
1.00995 0.479083 0.0691644 1.92663 
0.892432 0.603077 0.0032992 1.72787 
1.07714 0.348903 0.0071455 2.0387 
0.999153 0.49565 0.0757851 1.90941 
0.990099 0.335456 0.38141 1.90557 
1.00312 0.490651 0.0686045 1.91586 
1.07383 0.200762 0.305983 2.03518 
1.00059 0.494146 0.0714544 1.91176 
1.00123 0.49282 0.0736011 1.91277 
1.00699 0.488712 0.0489263 1.92255 
1.12387 0.089195 0.142647 2.1175 
1.06356 0.383257 0.00710091 2.01633 
1.08704 0.276995 0.149668 2.05257 
1.06775 0.373557 0.0181845 2.02353 
1.00018 0.492525 0.0625379 1.9104 
0.99946 0.49596 0.0692228 1.90982 
1.06051 0.388551 0.0223921 2.01078 
1.07385 0.32315 0.174714 2.03436 
0.621516 0.603933 0.208839 1.25639 
1.06482 0.18962 0.282995 2.01218 
1.06919 0.329961 0.184381 2.02782 
1.05522 0.402234 0.00868801 2.00242 
0.999501 0.495801 0.0685076 1.90979 
1.06149 0.383921 0.0306837 2.01179 
0.96729 0.536649 0.0943774 1.85806 
0.999077 0.495797 0.0775204 1.90944 
1.07206 0.361051 0.0307799 2.03036 
1.06896 0.369986 0.0197261 2.02535 
1.09657 0.221251 0.173997 2.06936 
1.06484 0.375568 0.0361436 2.01742 
0.978832 0.526586 0.0314805 1.87546 
1.07193 0.355671 0.04702 2.02892 
0.998743 0.496969 0.0715334 1.90878 
1.08675 0.288347 0.119708 2.05157 
0.99905 0.495533 0.0682016 1.90856 
1.0642 0.385434 -0.0238187 2.019 
0.995514 0.502937 0.0630269 1.9035 
1.1144 0.141047 0.0983229 2.09181 
0.779519 0.492358 0.406761 1.52951 
1.00191 0.49293 0.0667398 1.91399 
1.02254 0.461578 0.0364822 1.94725 
0.999704 0.49545 0.0702167 1.91021 
1.11104 0.227799 0.0436346 2.09366 
1.06325 0.379696 0.0471616 2.0152 
0.999547 0.495634 0.0697962 1.9099 
1.01124 0.475283 0.0803817 1.92877 
0.887461 0.604829 0.0812298 1.72139 
1.00397 0.490299 0.0621296 1.91731 
1.09835 0.282652 0.0147399 2.07314 
0.865897 0.604935 -0.0278581 1.68272 
0.986811 0.515144 0.0690087 1.8898 
0.824821 0.528204 -0.0382299 1.56773 
0.996818 0.469923 0.0326682 1.89818 
0.897025 0.497916 -0.0961357 1.70509 
1.06861 0.370343 0.0253638 2.0247 
0.790499 0.537518 -0.0217658 1.50463 
1.09742 0.212638 0.177632 2.07026 
0.872718 0.515437 -0.0207996 1.66303 
1.06487 0.380879 0.0234111 2.01897 
0.998341 0.497408 0.0710537 1.90801 
1.03913 0.428991 0.0725097 1.97542 
0.999516 0.496111 0.0679243 1.90991 
1.05231 0.4038 0.0436087 1.99651 
0.98854 0.459692 -0.0318306 1.87575 
0.999099 0.496181 0.0702596 1.90914 
1.02137 0.473643 -0.00663631 1.94761 
0.999481 0.49614 0.068302 1.90989 
1.03051 0.451648 0.0139742 1.96185 
1.0946 0.227709 0.168913 2.06479 
1.06483 0.381855 0.0229038 2.01919 
1.00114 0.493658 0.0687749 1.91263 
1.07519 0.353102 0.00707561 2.03514 
0.999596 0.495889 0.0676731 1.91001 
0.91422 0.498079 -0.0526404 1.73549 
0.61785 0.576713 0.0813702 1.21486 
1.00147 0.493395 0.0673533 1.91319 
1.04354 0.384988 0.159351 1.97902 
0.999194 0.494348 0.0656436 1.90877 
0.998987 0.494966 0.064126 1.90847 
1.00204 0.490818 0.0763618 1.91394 
1.0112 0.47845 0.0646633 1.92905 
1.06474 0.38188 0.0231242 2.01898 
1.06788 0.374268 0.0161347 2.024 
0.983401 0.371379 -0.03551 1.85007 
1.01085 0.462945 0.13254 1.92776 
0.933304 0.572725 -0.00887088 1.798 
1.07049 0.359036 0.0530737 2.0266 
1.07156 0.364981 0.0285669 2.03035 
1.09489 0.294968 0.0865641 2.068 
1.10122 0.206263 0.167273 2.07668 
1.06579 0.37806 0.0232409 2.02027 
0.924816 0.469049 -0.107405 1.75455 
1.06869 0.36937 -0.0372739 2.02499 
1.08149 0.292624 0.15382 2.04341 
0.998982 0.496439 0.0705729 1.90901 
0.565817 0.540564 0.238701 1.13341 
1.07405 0.337744 0.110424 2.033 
0.999985 0.494333 0.0735992 1.91057 
0.997067 0.499724 0.0688853 1.906 
1.00153 0.493422 0.066849 1.91331 
1.09211 0.238349 0.167582 2.0603 
1.06996 0.351017 0.0830651 2.02447 
1.05859 0.394836 0.0158366 2.00815 
1.05954 0.392214 -0.0054857 2.00952 
1.04415 0.416311 -0.126348 1.98896 
0.999436 0.495963 0.0694637 1.90978 
1.0033 0.483618 0.0957008 1.91505 
1.07784 0.342425 0.0227586 2.03855 
1.00144 0.491618 0.0772534 1.91297 
1.06588 0.379666 0.0192629 2.02095 
0.99981 0.495306 0.0702467 1.91039 
0.993828 0.505063 0.0661592 1.90086 
0.999957 0.495199 0.0699052 1.91067 
1.03885 0.435696 0.025164 1.97538 
0.762665 0.581458 0.0075474 1.46902 
1.02663 0.454593 0.0298739 1.95387 
0.8415 0.566047 0.264602 1.64387 
1.04507 0.423534 -0.0211207 1.98596 
1.00664 0.485021 0.0681755 1.92148 
0.502736 0.571518 0.0846961 1.02642 
1.09499 0.293732 0.00757244 2.06753 
1.09886 0.230931 0.135531 2.07042 
1.06514 0.380124 0.0162505 2.01928 
1.07414 0.35654 0.0155483 2.03364 
0.881929 0.492186 -0.0644314 1.66798 
1.05587 0.405267 -0.0072014 2.00522 
1.06476 0.374714 0.0571325 2.01772 
1.01964 0.464184 0.0715366 1.9432 
0.711201 0.649293 0.132538 1.41955 
0.999741 0.493791 0.0668386 1.90983 
0.983125 0.51884 0.0500468 1.88199 
0.78752 0.643666 0.0453445 1.55636 
1.00386 0.487812 0.0783092 1.91695 
0.745551 0.556894 0.274957 1.47565 
1.08578 0.166537 0.256675 2.04792 
1.06641 0.373677 0.0235653 2.02033 
0.999367 0.495517 0.069104 1.90937 
1.07812 0.344931 0.041187 2.04101 
1.00039 0.49487 0.0679398 1.91137 
1.02344 0.48372 -0.0104566 1.95919 
1.0206 0.456503 0.0892827 1.94343 
0.937657 0.419066 -0.0516435 1.75912 
1.00147 0.494364 0.0646325 1.91338 
0.996449 0.502381 0.0572933 1.9052 
1.02239 0.457716 0.0679831 1.94669 
1.01409 0.47171 0.0765435 1.93366 
1.05645 0.396026 0.00873017 2.00322 
1.07821 0.345718 -0.039959 2.0413 
0.973949 0.47889 0.212543 1.86256 
1.01256 0.386457 0.278148 1.92911 
1.06678 0.374422 0.0244788 2.0215 
1.09842 0.263112 0.0794607 2.07113 
0.999317 0.496424 0.0668949 1.90954 
1.0011 0.494731 0.0685682 1.91305 
1.00246 0.491204 0.071187 1.91474 
1.06877 0.371501 0.00291322 2.02521 
1.08288 0.313835 0.0435921 2.04344 
0.980626 0.519524 0.0578502 1.87696 
1.00894 0.480175 0.075267 1.92518 
1.08088 0.327289 -0.111106 2.04859 
1.00622 0.487415 0.0569956 1.92096 
1.0298 0.441197 0.105072 1.96061 
1.0713 0.317499 0.160714 2.02589 
1.00147 0.492984 0.0696244 1.91314 
1.03197 0.199287 0.395348 1.9714 
0.960992 0.542728 -0.0204598 1.84309 
1.07294 0.315238 0.184519 2.03216 
1.00013 0.495049 0.0700395 1.91102 
1.09641 0.282192 -0.0158303 2.06918 
0.998125 0.496619 0.0800242 1.90778 
1.09086 0.11993 0.312727 2.08225 
1.06476 0.381887 0.0221036 2.01901 
1.07867 0.278166 0.185852 2.03799 
1.00038 0.494836 0.0697921 1.91148 
1.00574 0.484762 0.0759178 1.91977 
1.07039 0.360702 0.0390042 2.02638 
1.08808 0.312333 -0.00389746 2.05548 
1.06055 0.392449 0.0057211 2.01209 
1.06541 0.378967 0.0238147 2.01965 
1.05017 0.362611 0.177015 1.99022 
1.00131 0.49512 0.0682035 1.91373 
1.06613 0.375276 0.0316902 2.02042 
1.04517 0.258916 0.352735 1.99107 
0.99015 0.511651 0.0603863 1.89532 
1.00592 0.481015 0.093076 1.91982 
1.05932 0.365817 0.138879 2.00854 
0.8365 0.57683 0.283431 1.64114 
1.00106 0.494925 0.068273 1.91303 
1.00081 0.494142 0.069449 1.91213 
0.913781 0.459188 -0.0591542 1.72243 
0.999517 0.450556 0.00896505 1.90052 
1.08885 0.219028 0.217396 2.05656 
1.08673 0.292037 0.0677566 2.04828 
1.0009 0.494712 0.0688893 1.91259 
1.10041 0.270021 -0.0102806 2.07624 
1.07019 0.320681 0.18219 2.02721 
1.06209 0.361177 0.130204 2.01277 
1.11478 0.196159 -0.0155851 2.09908 
0.927658 0.436703 0.059085 1.74948 
1.06967 0.344789 0.117026 2.02492 
1.00089 0.493714 0.0706886 1.91222 
1.08194 0.298031 0.120815 2.04216 
0.999551 0.495624 0.0696744 1.9099 
0.906862 0.478071 -0.0557131 1.71441 
1.0057 0.443778 0.22849 1.92442 
1.00088 0.493736 0.0702086 1.91215 
1.08411 0.315206 -0.0950075 2.0514 
1.06901 0.370245 0.0304401 2.02591 
1.06348 0.376529 0.0700116 2.01589 
1.04307 0.422559 0.0156932 1.98022 
1.0929 0.139248 0.232508 2.05807 
1.06455 0.381631 0.0237406 2.01844 
0.926185 0.449844 -0.127465 1.75558 
1.06996 0.368688 0.0162316 2.02736 
1.0757 0.346943 -0.090197 2.03864 
0.732518 0.661044 0.0454865 1.46059 
1.06692 0.382747 -0.0338658 2.02514 
0.931614 0.428392 -0.0616998 1.75006 
0.851149 0.564732 0.302945 1.6691 
0.549878 0.627456 0.0972091 1.14103 
1.09173 0.294682 0.0427189 2.06031 
1.0875 0.310222 0.0197235 2.05287 
1.07312 0.364031 0.0374619 2.0344 
1.00304 0.489199 0.0761795 1.91551 
0.99529 0.502701 0.0660074 1.9031 
0.862677 0.58272 0.23096 1.68112 
1.00433 0.488335 0.0717597 1.91783 
1.00204 0.493582 0.0627582 1.91422 
1.10585 0.230982 0.0820836 2.0831 
1.01067 0.471973 0.100324 1.92765 
1.0263 0.45548 0.0553725 1.95442 
0.937767 0.564971 -0.020099 1.80418 
0.997499 0.498709 0.0712089 1.90667 
1.00594 0.481795 0.034898 1.91909 
1.01758 0.468645 0.0672339 1.93996 
1.03377 0.450697 -0.0347569 1.9697 
0.976487 0.517145 -0.0180364 1.86583 
1.09464 0.258342 0.149518 2.06732 
0.608334 0.622655 0.173726 1.24069 
0.5702 0.578376 0.181047 1.15067 
1.00136 0.493069 0.0701827 1.91296 
1.0731 0.360358 0.00999145 2.03229 
1.06746 0.373979 0.0222214 2.02301 
0.827988 0.505979 0.183682 1.56808 
0.791013 0.490526 0.316666 1.53015 
1.01811 0.463905 0.0807141 1.94008 
1.00155 0.493005 0.0684818 1.91327 
0.999123 0.495707 0.0687188 1.90886 
1.0652 0.381047 0.0228915 2.01986 
1.00029 0.494977 0.067233 1.91127 
1.00903 0.481571 0.069066 1.92561 
1.08634 0.319903 0.0323577 2.05354 
1.00349 0.490994 0.063389 1.91659 
0.999441 0.494927 0.0749747 1.90967 
0.756833 0.596832 0.0322118 1.47337 
0.999217 0.4962 0.0696679 1.90939 
0.994577 0.496352 0.0348129 1.89842 
1.09403 0.279565 -0.0357262 2.06117 
0.937521 0.545645 -0.0412123 1.79769 
0.979844 0.19862 0.463714 1.88634 
1.01756 0.466135 0.0760841 1.93939 
0.494718 0.560219 0.100416 1.00988 
1.08416 0.327786 0.00222566 2.04995 
0.501075 0.538941 0.161666 1.01275 
0.617485 0.527994 0.294053 1.22745 
1.00107 0.493698 0.0684713 1.91248 
1.10193 0.19054 0.166296 2.07558 
0.842835 0.631049 0.0400687 1.64455 
1.02309 0.459205 0.0611533 1.94865 
0.873933 0.503001 -0.0625817 1.65606 
1.08965 0.274954 0.133328 2.0568 
1.00003 0.495117 0.0701869 1.91082 
0.851264 0.533925 -0.0438131 1.62281 
0.998704 0.497183 0.0675729 1.90852 
1.09125 -0.0424734 0.312073 2.08313 
1.04843 0.414288 0.0300838 1.99048 
1.05098 0.402004 0.0734328 1.99422 
1.06681 0.375448 0.021952 2.02188 
0.937768 0.461924 -0.0951481 1.77375 
1.03895 0.418639 0.105247 1.97381 
1.0533 0.404537 0.023825 1.99867 
1.07566 0.351728 0.0183825 2.03593 
1.00254 0.490298 0.0745867 1.91473 
0.747176 0.571935 0.0166036 1.43092 
1.00182 0.491611 0.0789538 1.91401 
0.955022 0.553347 0.0126228 1.83534 
0.99863 0.497887 0.0658369 1.9085 
1.00044 0.495022 0.0677963 1.91158 
0.756785 0.522762 0.0160769 1.44979 
1.08731 0.314771 -0.0179693 2.05453 
1.00184 0.492062 0.0730606 1.91382 
0.826865 0.529408 0.217484 1.58511 
1.06747 0.329673 0.164419 2.0204 
1.07215 0.362611 0.013625 2.03068 
1.06454 0.379367 0.0288219 2.01781 
0.997621 0.498361 0.0692834 1.90666 
1.00284 0.491543 0.0668274 1.91552 
0.997406 0.498177 0.074742 1.90645 
1.0804 0.325247 0.0529653 2.041 
1.04688 0.422785 -0.0181234 1.99002 
1.03401 0.402028 0.20642 1.97008 
0.86346 0.504912 -0.0543706 1.63495 
1.08134 0.339983 0.0100192 2.04642 
1.07301 0.357328 -0.0611436 2.03289 
1.07243 0.362443 0.023056 2.03152 
0.987423 0.514339 0.0642967 1.8905 
0.868442 0.566191 0.278395 1.69868 
1.07506 0.340525 0.0626979 2.03263 
1.09506 0.259976 0.118926 2.06524 
0.999623 0.496126 0.0683378 1.9102 
1.07086 0.365111 0.0206981 2.02844 
0.995373 0.499242 0.0828117 1.9028 
1.00131 0.493489 0.0680901 1.91291 
1.01429 0.476264 0.0540008 1.93482 
0.99372 0.502348 0.0843441 1.90059 
1.00545 0.490711 0.0552119 1.92044 
0.471731 0.534324 0.111291 0.956152 
0.905731 0.485114 -0.0595486 1.71575 
1.00375 0.490339 0.064712 1.91696 
1.06093 0.391561 -0.0442086 2.01379 
1.0651 0.380569 0.0225552 2.01942 
1.08407 0.327996 0.0309288 2.05045 
1.0645 0.379138 0.0227943 2.01749 
1.03919 0.434199 -0.00520242 1.97558 
1.01075 0.481479 0.0484798 1.92859 
0.853107 0.513492 -0.047131 1.61786 
0.998919 0.492256 0.0628934 1.9076 
1.10063 0.146703 0.182897 2.06867 
1.08223 0.312374 0.0861961 2.04387 
1.05671 0.332608 0.172483 2.0013 
1.0001 0.494623 0.0674753 1.91083 
0.99973 0.493898 0.0673121 1.90982 
0.999011 0.495979 0.0688591 1.90873 
1.07876 0.331545 0.0317452 2.03788 
0.769631 0.654854 0.0698508 1.52237 
1.0413 0.418268 0.0758738 1.97673 
0.996127 0.491153 0.0470013 1.90106 
1.09235 0.231344 0.178877 2.06188 
1.00256 0.492318 0.0636203 1.91503 
0.984464 0.316277 -0.096669 1.84525 
1.00315 0.490367 0.0696086 1.91587 
1.09624 0.2144 0.19109 2.07012 
0.924095 0.473611 0.364208 1.79466 
1.12018 0.152138 -0.00345186 2.10708 
1.00109 0.493897 0.0680303 1.91259 
1.03506 0.434837 0.0575289 1.96696 
0.999862 0.495232 0.0697802 1.91045 
1.07822 0.335171 0.0725658 2.03953 
1.04153 0.415832 0.0838754 1.97702 
0.99967 0.494499 0.0672712 1.90991 
0.999884 0.495757 0.0676469 1.9106 
1.08173 0.170409 0.29837 2.04648 
0.927751 0.440613 0.0194387 1.7462 
0.918046 0.533232 -0.0617064 1.75922 
1.00061 0.494909 0.0671325 1.91185 
0.925721 0.46971 -0.0421041 1.75002 
1.04237 0.414264 0.125504 1.98282 
1.02873 0.446892 0.0546676 1.95651 
1.09399 0.222817 0.194863 2.06706 
0.985269 0.427298 0.319239 1.89606 
1.06624 0.375928 0.0166622 2.02057 
1.01127 0.478083 0.0559991 1.92853 
1.08066 0.31862 0.10798 2.04188 
1.08426 0.204464 0.248566 2.04881 
0.999102 0.494509 0.0646972 1.90853 
0.997474 0.495924 0.0877495 1.90655 
1.00143 0.492479 0.0722549 1.913 
1.07302 0.360166 0.0163922 2.03204 
1.06492 0.360726 0.112721 2.01775 
0.890799 0.506188 -0.0539086 1.69141 
1.04132 0.42572 0.0261598 1.97742 
0.987683 0.516162 0.0234512 1.89051 
1.06027 0.390787 0.0120538 2.01084 
1.00094 0.494061 0.0676233 1.9123 
1.00076 0.49461 0.0673636 1.91209 
0.991623 0.506167 0.0774028 1.89698 
1.05212 0.366675 0.162415 1.99424 
0.750757 0.553509 0.00276142 1.43573 
0.6364 0.549924 0.183912 1.24621 
0.887948 0.47801 0.273333 1.70133 
1.09928 0.238859 0.127536 2.07211 
0.999629 0.495422 0.0696485 1.90998 
0.996518 0.500277 0.0700803 1.90506 
0.999394 0.495434 0.0732508 1.90969 
1.00046 0.494336 0.0708999 1.9115 
1.02772 0.340165 0.3171 1.9595 
1.07684 0.34938 0.00820217 2.03808 
1.02501 0.453444 0.0792445 1.95191 
0.999637 0.495788 0.0683116 1.91006 
0.862385 0.49192 -0.0587583 1.62647 
1.0703 0.367599 0.0145888 2.02772 
0.998352 0.49843 0.0662032 1.90819 
1.00058 0.494412 0.0700839 1.91176 
0.996852 0.470161 0.00858775 1.89692 
1.02691 0.404096 -0.0944118 1.95325 
0.906544 0.457329 -0.0735085 1.70567 
1.08041 0.339946 0.00425465 2.04414 
1.07449 0.356825 0.0102557 2.0346 
1.05474 0.397668 0.0658789 2.00143 
1.00259 0.491509 0.0687038 1.91503 
1.0872 0.240094 0.199624 2.05446 
0.844366 0.508401 -0.052086 1.59734 
1.10405 0.170548 0.19976 2.0841 
1.00155 0.493159 0.0680407 1.9133 
1.08623 0.319628 -0.00607578 2.05295 
0.898029 0.490519 -0.0555547 1.70055 
1.0018 0.493271 0.064857 1.91377 
0.754911 0.546751 -0.00214291 1.44007 
1.09041 0.241613 0.18317 2.06006 
1.06619 0.345247 0.127523 2.01744 
1.00039 0.493422 0.0794214 1.91154 
1.06878 0.372282 0.0167133 2.02555 
1.00542 0.488088 0.0590631 1.91955 
1.06278 0.38054 0.0534361 2.01457 
1.06307 0.338208 0.154989 2.01082 
1.08444 0.332367 0.0045638 2.05193 
0.992361 0.508449 0.0607479 1.89885 
1.06984 0.30093 0.194138 2.02326 
1.11878 0.173802 0.0209451 2.10487 
0.436151 0.525945 0.0680809 0.897993 
1.03233 0.441611 0.0609997 1.96335 
1.09493 0.206075 0.198944 2.0663 
1.02407 0.433493 0.14759 1.94882 
1.11379 0.222715 0.0219183 2.09957 
1.05087 0.33001 0.132494 1.98191 
1.06792 0.372828 0.0207057 2.02373 
0.969033 0.476717 0.271144 1.86473 
1.08121 0.326812 0.0358526 2.0428 
1.12127 0.170284 -0.0243254 2.11283 
0.986252 0.516556 0.043646 1.8879 
1.07368 0.321779 0.164695 2.03221 
1.00014 0.494457 0.072304 1.91092 
1.05916 0.357294 0.157254 2.00769 
1.07302 0.361756 -0.0161673 2.03264 
1.00092 0.494122 0.0679908 1.91228 
1.10911 0.24171 0.0089965 2.09143 
0.985536 0.513178 0.104616 1.88889 
1.09203 0.234515 0.172873 2.06068 
1.00098 0.494322 0.0667578 1.91245 
1.05241 0.406496 0.0150396 1.9971 
1.07052 0.357148 0.0698943 2.02694 
1.06648 0.378444 0.0193802 2.02201 
1.08955 0.318039 -0.0362969 2.06168 
1.04737 0.418685 0.0031534 1.98933 
1.08571 0.300424 0.159513 2.05723 
1.00729 0.481158 0.0852125 1.92252 
0.486883 0.557621 0.0866744 0.993549 
1.00856 0.477107 0.0928932 1.92424 
0.999351 0.469886 0.16189 1.90795 
0.795636 0.652552 0.0173167 1.56848 
1.03086 0.443307 0.0485693 1.95982 
1.06662 0.376886 0.0218139 2.0219 
1.00009 0.495117 0.0698087 1.91092 
0.99947 0.494547 0.0669694 1.90935 
0.830885 0.562692 0.326678 1.63707 
1.08365 0.279201 0.176341 2.0486 
1.06647 0.37638 0.0200919 2.02134 
0.823894 0.63078 -0.0010309 1.61143 
0.999662 0.493963 0.0674744 1.90969 
1.0675 0.375947 0.0176706 2.02367 
1.05536 0.399102 0.034313 2.00203 
1.05326 0.404782 0.00154082 1.99852 
1.00762 0.48275 0.0744042 1.92318 
0.890353 0.549372 0.271634 1.73018 
1.06485 0.380419 0.0229132 2.01877 
1.00398 0.488823 0.0731984 1.91734 
1.07853 0.347671 -0.0100652 2.04186 
1.06472 0.380672 0.0228505 2.01852 
1.09284 0.28558 0.080778 2.06294 
1.00389 0.489406 0.0697194 1.91717 
0.897257 0.514913 -0.0606966 1.70845 
1.07022 0.363869 0.0235943 2.0265 
0.970858 0.536117 0.0605962 1.86332 
1.06773 0.369908 0.0235995 2.02233 
1.06683 0.37748 0.0176477 2.02253 
1.06803 0.37248 0.0214053 2.02387 
1.04476 0.391397 0.149614 1.98306 
1.07878 0.324567 0.0672915 2.03743 
1.0111 0.481946 0.0373016 1.92918 
1.06122 0.369924 0.120012 2.01242 
1.08573 0.283163 0.130846 2.04876 
1.06469 0.379577 0.0303945 2.01829 
1.07395 0.350929 0.0524242 2.03264 
1.06828 0.371426 0.0150831 2.02406 
0.85202 0.568108 0.276641 1.66599 
1.06771 0.370692 0.0360499 2.02293 
1.0664 0.335174 0.176926 2.02317 
1.07076 0.364671 0.0255671 2.02815 
0.801145 0.631773 0.17335 1.57792 
0.712924 0.612432 0.261929 1.42899 
1.02971 0.443212 0.0678605 1.9581 
1.03025 0.44028 0.0763757 1.9587 
0.996734 0.499849 0.0711779 1.90543 
0.99988 0.495121 0.0737595 1.91072 
1.08048 0.338643 0.0200375 2.04403 
1.06606 0.374597 0.0246723 2.01984 
1.01562 0.468242 0.0862528 1.9365 
0.998939 0.49665 0.0691559 1.90892 
1.07889 0.346847 0.0228379 2.04265 
0.823346 0.548392 0.355627 1.62598 
1.02389 0.460115 0.0493409 1.95033 
1.07622 0.34292 0.0296334 2.0349 
0.997619 0.496725 0.0784896 1.90652 
1.06913 0.366773 0.0232008 2.02473 
0.999846 0.495248 0.0708348 1.91049 
0.669006 0.55602 0.269145 1.32354 
1.07269 0.360729 0.0194995 2.03151 
1.00087 0.494238 0.0673545 1.91219 
1.00099 0.493987 0.0685101 1.91242 
1.05799 0.355302 0.146576 2.00263 
1.00528 0.487319 0.0707148 1.91954 
1.09955 0.271656 0.0444859 2.07404 
1.07571 0.351329 0.00158263 2.03588 
0.999627 0.495998 0.0681312 1.91012 
1.04352 0.420348 0.0583972 1.98189 
0.95446 0.307842 0.459145 1.84173 
1.09351 0.223017 0.181604 2.06341 
1.00005 0.49236 0.0879802 1.91092 
0.860013 0.542605 -0.115609 1.65839 
0.872281 0.616039 0.0343775 1.69405 
1.04815 0.408539 0.0480386 1.98822 
1.06436 0.363038 0.10282 2.01608 
1.10512 0.216183 0.13983 2.08423 
1.11469 0.197882 0.0101897 2.09787 
1.01781 0.313281 0.36001 1.94041 
1.0301 0.445906 0.0325289 1.9585 
1.07809 0.191915 0.232373 2.02591 
1.00425 0.48907 0.0672899 1.9177 
0.968069 0.457834 -0.0692724 1.83354 
1.07255 0.288794 0.18043 2.02166 
1.07819 0.303446 0.146372 2.03712 
1.09314 0.269295 0.118763 2.06269 
1.07211 0.356516 0.024458 2.02881 
1.00006 0.493721 0.0652093 1.91044 
1.01287 0.47407 0.0724739 1.93152 
0.884584 0.485033 -0.0689745 1.67085 
1.00033 0.494904 0.0695247 1.91137 
1.00038 0.494987 0.0693451 1.91153 
1.0154 0.453169 -0.0704114 1.93546 
0.998019 0.498159 0.0701756 1.90756 
1.0977 0.263038 0.0951235 2.07052 
0.820054 0.558666 -0.0786279 1.57575 
1.06738 0.375396 0.0201083 2.02322 
1.07535 0.338123 0.0794858 2.03368 
1.00363 0.475829 0.0274549 1.91325 
0.995693 0.501507 0.0673188 1.90354 
1.07274 0.348645 0.0624921 2.02933 
1.00128 0.493536 0.0683996 1.91289 
0.999637 0.495334 0.0693507 1.90993 
0.999716 0.495384 0.0695566 1.91016 
1.00123 0.493656 0.067406 1.91276 
0.64413 0.560708 -0.0164393 1.24809 
1.06364 0.38192 0.023695 2.01633 
1.12478 0.129579 0.0657369 2.11599 
0.885958 0.508864 -0.0351174 1.68258 
1.04249 0.432294 0.00674388 1.98276 
1.10461 0.257389 0.0176211 2.08303 
1.01716 0.464298 -0.0284931 1.93925 
0.804277 0.526049 -0.0333674 1.52475 
0.997641 0.497035 0.0843475 1.90719 
0.528618 0.539962 0.19443 1.06235 
0.932169 0.495129 0.296196 1.79733 
1.04529 0.408846 0.102387 1.98523 
1.10419 0.249652 0.0713747 2.08217 
1.07833 0.345215 0.00329788 2.04056 
0.93044 0.536774 -0.0595177 1.78274 
0.99979 0.495252 0.072426 1.91048 
1.06641 0.376355 0.0211625 2.0212 
1.00946 0.483512 0.059001 1.92693 
1.06408 0.342056 0.145657 2.01338 
1.03047 0.439424 0.0938035 1.96036 
1.00112 0.495759 0.0682253 1.91359 
1.00093 0.496248 0.068421 1.91339 
0.999241 0.496198 0.0694875 1.90943 
0.959363 0.411774 0.407123 1.8619 
1.05865 0.340893 0.16839 2.0026 
0.898405 0.388948 -0.207915 1.69062 
0.99935 0.481313 0.123314 1.90765 
0.818667 0.571664 -0.0189929 1.5752 
1.06688 0.377191 0.0205504 2.0226 
1.08129 0.290373 0.171461 2.04441 
1.05517 0.327282 0.126562 1.99115 
0.97707 0.383603 0.0675386 1.84276 
0.999604 0.495553 0.0695933 1.90998 
1.00872 0.482477 0.0662318 1.92511 
1.07731 0.347564 0.0166534 2.03869 
0.991159 0.425575 0.258217 1.89174 
1.08373 0.306108 0.0955806 2.04666 
1.00053 0.494304 0.0707176 1.91164 
1.07758 0.343284 -0.0551181 2.03957 
1.07735 0.334514 0.0511817 2.036 
1.07158 0.364216 0.00843604 2.02981 
1.05285 0.401811 0.0587484 1.99784 
1.00051 0.493201 0.0765844 1.91148 
1.00068 0.494817 0.066726 1.91195 
1.00617 0.486619 0.0676062 1.92109 
1.05436 0.399819 0.0501833 2.00043 
1.06964 0.370105 0.0139117 2.02693 
0.660182 0.638185 0.188104 1.33658 
1.00868 0.48278 0.0608396 1.92482 
1.01971 0.451728 0.126018 1.94325 
1.08328 0.290447 0.141024 2.04576 
1.06787 0.363049 0.063011 2.02185 
0.832837 0.517322 -0.0441761 1.57785 
0.475615 0.535667 0.0652403 0.953175 
1.04151 0.39379 0.170575 1.97893 
1.00134 0.493995 0.0657995 1.91304 
0.771168 0.539902 -0.0146514 1.46675 
1.00056 0.494335 0.0702702 1.91169 
1.00264 0.491193 0.0703839 1.9151 
1.00908 0.479909 0.0788681 1.92567 
0.857566 0.55811 0.297878 1.69507 
1.00036 0.495144 0.0677274 1.91141 
1.04676 0.407786 0.0883043 1.98717 
0.999634 0.494306 0.0667296 1.90974 
0.901229 0.469669 -0.0700643 1.69932 
1.0517 0.411723 -0.00243287 1.99732 
0.703596 0.543338 -0.0984242 1.34805 
1.00096 0.494068 0.0683474 1.91237 
1.07508 0.308427 0.17716 2.03452 
0.485037 0.534093 0.130996 0.978259 
1.06909 0.370494 0.0205579 2.02581 
1.09987 0.18669 0.186605 2.07315 
0.778623 0.620972 0.0116771 1.52529 
1.00023 0.494652 0.0708643 1.91111 
1.08697 0.326112 0.00755458 2.05632 
1.04237 0.328314 0.276981 1.98132 
1.01098 0.458786 0.153535 1.92922 
1.0068 0.484799 0.069718 1.92188 
1.03605 0.436373 0.0494206 1.9696 
0.828517 0.565593 -0.025927 1.59291 
1.00172 0.493192 0.0656069 1.91359 
0.756808 0.572862 -0.127 1.46935 
1.06928 0.368452 -0.0512884 2.02674 
1.08857 0.315645 0.00583998 2.05726 
0.998458 0.497579 0.067557 1.90813 
1.05724 0.381849 0.118218 2.00651 
0.999279 0.495924 0.0719107 1.90956 
0.994851 0.501602 0.0754524 1.90218 
1.06583 0.377612 0.019993 2.02018 
1.03433 0.449232 -0.0183715 1.97004 
1.0044 0.488001 0.074203 1.91801 
1.01812 0.371097 0.317252 1.94881 
1.00323 0.488973 0.0752344 1.91578 
1.07607 0.349007 0.0297748 2.03645 
0.925125 0.395332 -0.174856 1.7435 
1.09352 0.30291 0.0132947 2.06613 
1.01446 0.472485 0.0570964 1.93363 
1.06875 0.366185 0.0250414 2.02368 
1.09543 0.254398 0.133986 2.06648 
1.00118 0.493747 0.0676961 1.9127 
0.998666 0.497018 0.0705164 1.90855 
1.00009 0.494787 0.0676544 1.91079 
1.00114 0.493531 0.0704103 1.91269 
0.858802 0.623805 0.0228398 1.67146 
0.807368 0.593022 -0.0130913 1.56194 
1.10275 0.251643 0.0898647 2.07637 
1.08394 0.321032 0.0449678 2.04833 
1.00369 0.489328 0.0709518 1.91672 
1.11741 0.177282 0.0948926 2.10446 
1.10329 0.261834 -0.00588503 2.07861 
0.997389 0.498852 0.0733554 1.90664 
1.00807 0.483003 0.0705349 1.92409 
1.07103 0.364741 0.0198749 2.0287 
1.01806 0.435905 0.194523 1.94285 
1.09788 0.238362 0.151141 2.07168 
1.0804 0.340601 0.0114027 2.0442 
1.05228 0.379491 0.138448 1.99584 
1.00084 0.49416 0.0677986 1.91211 
1.00211 0.420295 -0.0137062 1.90192 
1.00547 0.486383 0.0742763 1.9198 
1.0703 0.367734 0.0244855 2.02801 
1.07642 0.320801 0.0900604 2.03195 
1.07999 0.296551 0.136378 2.03853 
1.00944 0.481398 0.0637114 1.92617 
1.09827 0.25376 0.103366 2.07044 
0.774554 0.610498 0.0279107 1.51219 
0.925606 0.473111 -0.0514418 1.75192 
1.07083 0.35885 0.029763 2.0266 
1.11191 0.257504 -0.0307431 2.10129 
1.00116 0.493658 0.0679301 1.91264 
1.07819 0.346831 0.0119657 2.04062 
1.09527 0.274029 0.073954 2.06552 
1.04091 0.401386 0.126978 1.97786 
1.00516 0.487482 0.0686417 1.91919 
1.00009 0.494267 0.0780102 1.91113 
1.06955 0.3708 0.018527 2.02701 
1.00929 0.480973 0.056221 1.92517 
0.996762 0.50022 0.0674168 1.90542 
1.07338 0.359867 0.00314113 2.03285 
1.03671 0.442899 -0.0966305 1.97607 
1.0226 0.449849 0.0930418 1.94569 
0.88896 0.479193 -0.0682148 1.67676 
1.07159 0.359237 0.0260915 2.02847 
1.00224 0.4914 0.074997 1.91459 
0.918872 0.478483 -0.000267671 1.74007 
0.846181 0.590083 0.220718 1.66521 
0.999666 0.495275 0.0677062 1.91001 
0.997737 0.498103 0.0724619 1.90703 
0.816644 0.638984 0.0629086 1.59785 
0.942988 0.519974 -0.0685853 1.80238 
0.951628 0.557835 -0.0160056 1.8305 
0.99975 0.49565 0.0679963 1.91027 
0.6631 0.614276 0.129658 1.32872 
0.957293 0.396397 -0.133227 1.80829 
0.873081 0.611212 -0.024071 1.69706 
1.07041 0.367773 0.0177998 2.0281 
0.879096 0.311151 0.4703 1.69723 
0.992304 0.507921 0.0414495 1.8975 
1.07458 0.333172 0.0907265 2.03107 
0.833693 0.56743 -0.0289074 1.60167 
0.998433 0.496626 0.0748645 1.90812 
1.00446 0.488641 0.0685826 1.91807 
0.963283 0.510188 0.196613 1.85008 
0.999314 0.492782 0.064676 1.90863 
1.05305 0.38879 0.124172 1.99936 
0.783573 0.545609 -0.0162912 1.4944 
1.0002 0.495194 0.0678288 1.91112 
1.00071 0.494088 0.0706332 1.91196 
0.995164 0.502049 0.0733747 1.90299 
0.937218 0.445444 -0.0372098 1.76729 
1.00728 0.484915 0.0572577 1.92234 
1.04856 0.387082 0.130746 1.9884 
0.816939 0.535178 -0.0353026 1.55448 
0.941648 0.410557 -0.139416 1.77927 
1.00331 0.490956 0.0653868 1.91625 
0.989346 0.489141 0.159852 1.89307 
1.09041 0.31111 0.0115942 2.0604 
0.999649 0.495193 0.0678215 1.90992 
0.46411 0.563337 0.0533478 0.962158 
0.612448 0.555878 0.272244 1.23219 
1.07112 0.343701 0.100255 2.02648 
0.876773 0.495608 -0.153361 1.67372 
0.996401 0.477142 0.0477177 1.89906 
1.06587 0.380171 -0.000110456 2.02096 
0.994112 0.503008 0.0708531 1.9008 
0.880579 0.596469 -0.0373098 1.70675 
0.830027 0.524768 -0.0395616 1.57583 
1.02192 0.457561 0.0814079 1.94647 
0.865959 0.511002 0.375219 1.6938 
0.999622 0.494413 0.0674528 1.90969 
0.998516 0.48348 0.142406 1.90934 
1.05428 0.349467 0.1767 1.99585 
0.960554 0.369941 -0.0208673 1.79548 
0.951912 0.53416 -0.0387386 1.82226 
0.999146 0.497283 0.0662859 1.9094 
0.799864 0.537534 -0.0289715 1.52204 
1.0011 0.494431 0.0685014 1.91289 
0.999139 0.496354 0.0693363 1.90926 
0.993777 0.503728 0.0764851 1.90079 
1.06502 0.334868 0.169278 2.01671 
0.87765 0.54178 0.307321 1.71082 
1.00075 0.495329 0.0685037 1.91253 
1.00294 0.483471 0.0392127 1.91326 
0.777452 0.552189 0.297886 1.52176 
0.855234 0.53711 0.239079 1.65144 
1.09312 0.273501 0.10199 2.06212 
0.892367 0.419297 -0.199706 1.68644 
0.990473 0.507999 0.0793811 1.89538 
1.0742 0.356059 -0.0126055 2.0337 
1.09699 0.276483 0.0565804 2.06949 
1.06986 0.368715 -0.0129481 2.02707 
0.999726 0.495428 0.0719892 1.91038 
1.01978 0.466423 0.0220235 1.9423 
0.635454 0.647149 0.144455 1.29353 
1.00718 0.483386 0.072736 1.92231 
1.02708 0.40228 0.226672 1.95746 
0.924108 0.524923 0.242715 1.78043 
0.785745 0.651937 0.0377218 1.55002 
1.06579 0.379107 0.0217678 2.0206 
1.02697 0.445743 0.0833037 1.95361 
1.0016 0.489975 0.0904255 1.91364 
1.00878 0.483741 0.0520171 1.92517 
1.06303 0.383996 0.0245284 2.01553 
1.02924 0.447929 0.0425988 1.9576 
1.00619 0.417002 0.136238 1.9144 
1.00751 0.489859 0.0448214 1.92399 
0.887577 0.521458 0.237831 1.71068 
0.532681 0.557024 0.18302 1.08041 
0.994289 0.473045 0.0200313 1.89248 
1.01051 0.484534 0.0430199 1.929 
1.06829 0.325035 0.182061 2.02411 
0.998281 0.49786 0.0671732 1.90783 
1.026 0.443772 0.0890589 1.95089 
1.00309 0.48686 0.0883534 1.9155 
1.01441 0.472531 0.0680833 1.9342 
1.05627 0.383626 0.106701 2.00349 
1.0969 0.282459 0.0329026 2.06964 
1.09211 0.299829 0.019417 2.0624 
1.00238 0.492508 0.0645493 1.91474 
0.906432 0.463482 -0.159014 1.72475 
1.00742 0.483917 0.0661277 1.92268 
0.764979 0.559839 0.0125174 1.46539 
0.997664 0.498621 0.0672985 1.90675 
0.923254 0.527198 0.255122 1.78334 
0.99568 0.501713 0.0693444 1.90375 
0.910701 0.524033 0.180657 1.74938 
0.500749 0.559104 0.120721 1.02147 
0.998297 0.497772 0.0680412 1.90787 
0.570011 0.558989 0.22373 1.1503 
0.779716 0.599306 0.280626 1.54377 
0.914627 0.587811 0.0898795 1.76969 
1.06015 0.346592 0.162089 2.00728 
1.06756 0.322127 0.173322 2.01994 
1.00038 0.494723 0.0693717 1.9114 
1.06388 0.380671 0.0274095 2.01658 
1.0971 0.229826 0.160308 2.06946 
1.07493 0.311156 0.144256 2.03084 
1.00037 0.495096 0.0672894 1.91141 
1.06683 0.375782 0.00321414 2.02184 
0.937338 0.56796 0.110182 1.80984 
1.09907 0.215185 0.157193 2.07107 
1.0005 0.494446 0.0704755 1.91163 
1.06545 0.373949 0.0271775 2.01816 
0.999374 0.495854 0.0698733 1.9096 
0.863738 0.572475 -0.0425539 1.66458 
0.549961 0.595549 0.134902 1.12348 
0.672346 0.598676 0.0252937 1.32725 
1.0164 0.446458 0.183387 1.94144 
0.999772 0.495536 0.0673919 1.91028 
0.920854 0.48734 -0.0347663 1.74489 
0.999461 0.494693 0.0671205 1.90941 
0.507799 0.553645 0.152184 1.03396 
0.847854 0.627172 0.0045597 1.65173 
0.999249 0.474737 0.038622 1.90437 
0.886094 0.538513 -0.0545486 1.69785 
1.08977 0.317046 0.0226321 2.06154 
0.840751 0.518188 -0.0468487 1.59481 
0.668291 0.612855 0.034397 1.31339 
1.10381 0.212128 0.14028 2.08112 
0.878234 0.5375 -0.0510623 1.67866 
0.766764 0.550142 -0.00945425 1.46415 
0.996689 0.498948 0.0803607 1.90557 
0.999367 0.495932 0.0656795 1.90952 
1.0197 0.466571 0.0505013 1.94318 
1.00076 0.491675 0.0835936 1.91189 
1.00116 0.494113 0.0672223 1.9128 
0.55397 0.608985 0.125005 1.13749 
0.4283 0.531801 0.0781548 0.896077 
1.07242 0.317484 0.151484 2.02737 
1.06287 0.384955 0.00178576 2.01516 
1.03847 0.456337 -0.0764763 1.98378 
1.07796 0.292867 0.189151 2.04021 
1.02917 0.419296 0.189859 1.96198 
1.07003 0.354626 0.0961705 2.02686 
0.901952 0.508171 -0.0201242 1.71398 
1.00593 0.486028 0.07113 1.92049 
0.999742 0.495379 0.0707371 1.9103 
1.06315 0.382461 0.0272799 2.01535 
1.07473 0.356921 0.0282635 2.03557 
0.996393 0.500378 0.0725193 1.90499 
1.07838 0.298059 0.184364 2.04307 
1.00268 0.491852 0.06526 1.91519 
0.99966 0.495667 0.0694885 1.91017 
1.00071 0.494086 0.0703422 1.91194 
0.874685 0.614273 -0.0132446 1.69851 
1.05297 0.393799 0.101834 1.99848 
0.816508 0.646935 0.0270282 1.60395 
0.844979 0.634342 -0.00412238 1.6539 
1.06934 0.329295 0.159312 2.02585 
0.784919 0.5785 -0.00177391 1.5139 
0.866059 0.468876 0.420126 1.69279 
1.00733 0.484859 0.0616868 1.92264 
0.991292 0.510102 0.0360781 1.89564 
1.01912 0.473942 0.00678062 1.94282 
0.701206 0.573431 -0.0694943 1.36228 
1.01921 0.436214 0.169924 1.94159 
1.00604 0.485518 0.0729018 1.92062 
1.06951 0.324138 0.147711 2.02155 
0.988657 0.510677 0.0541417 1.89098 
1.0787 0.299826 0.178464 2.04155 
0.803679 0.575353 0.28214 1.57846 
1.06462 0.376255 0.0272778 2.01689 
1.09125 0.286291 0.0522059 2.05729 
0.998494 0.497736 0.06674 1.90824 
1.05081 0.414589 -0.0257035 1.99668 
1.09332 0.230608 0.172286 2.06303 
0.979206 0.526766 -0.0036356 1.87638 
1.02085 0.444493 0.158336 1.94729 
0.985168 0.516375 0.0613624 1.88613 
1.009 0.483019 0.0547491 1.92544 
0.992841 0.504143 0.081335 1.89917 
1.00097 0.489848 0.0941386 1.91241 
1.06863 0.33138 0.15587 2.02263 
1.05187 0.411239 -0.00797034 1.99757 
0.999853 0.495251 0.0704254 1.91048 
1.04892 0.40582 0.0594338 1.9896 
0.99302 0.505682 0.063226 1.89912 
0.915039 0.38028 0.430917 1.77394 
1.07407 0.357679 0.0228893 2.03405 
0.889121 0.45098 0.422044 1.73447 
1.10645 0.250859 0.210047 2.10609 
0.785721 0.626246 -0.0515571 1.54823 
1.04588 0.373908 0.201904 1.99249 
0.979444 0.333666 0.409515 1.87649 
0.84882 0.533668 -0.0377724 1.61909 
1.02669 0.438298 -0.0881894 1.95754 
1.06186 0.257475 0.275153 2.0081 
0.976629 0.480446 -0.0535218 1.85714 
1.08694 0.319917 0.00593057 2.05491 
1.0054 0.482946 0.0891533 1.9192 
0.747632 0.644833 0.00156335 1.48894 
0.935388 0.419515 -0.0158029 1.75281 
1.00485 0.489633 0.0442337 1.91881 
1.04974 0.415611 -0.015788 1.99416 
1.00734 0.485187 0.0642599 1.92298 
0.995851 0.499946 0.0789785 1.90398 
0.791745 0.571168 -0.00998821 1.52381 
0.875688 0.573566 -0.0463446 1.6893 
0.923246 0.53133 -0.039113 1.76798 
0.838774 0.540886 -0.0332495 1.6003 
1.00972 0.418635 -0.0675271 1.91887 
0.531727 0.568237 0.152389 1.08005 
0.597308 0.565288 0.219082 1.19459 
0.958218 0.519492 -0.0496028 1.83233 
0.966401 0.457861 0.202319 1.84317 
0.668816 0.541764 0.282297 1.31827 
0.581615 0.568266 0.207828 1.16869 
0.769487 0.622267 0.165688 1.5234 
0.908781 0.432948 -0.183721 1.72329 
0.534438 0.575318 0.143599 1.08638 
0.994623 0.502662 0.078783 1.90243 
1.0751 0.280846 0.232208 2.04182 
0.948687 0.386199 -0.0554415 1.77345 
0.806478 0.353053 0.464274 1.55516 
0.943319 0.354544 0.268187 1.78453 
1.09863 0.213539 0.0744501 2.08159 
0.845394 0.36219 0.465049 1.62669 
0.735953 0.467522 0.396805 1.43644 
0.709037 0.547594 0.329532 1.40258 
0.759395 0.555682 0.262121 1.47672 
0.858961 0.480386 0.146552 1.61622 
0.701518 0.496512 0.357542 1.37624 
0.721086 0.507993 0.349326 1.41535 
1.04603 0.399187 -0.138145 1.98863 
0.967914 0.276062 -0.150714 1.80856 
1.13365 0.0988889 0.0620584 2.15666 
1.02063 0.154048 0.372917 1.93946 
0.957563 0.359264 0.386757 1.85946 
0.822127 0.519572 -0.163409 1.57521 
0.846446 0.474409 -0.187297 1.60682 
0.911638 0.355417 -0.210643 1.70934 
0.947891 0.305846 -0.189814 1.77384 
0.997359 0.493541 0.106948 1.90704 
0.961875 0.526241 0.146266 1.84636 
0.977316 0.496458 0.177474 1.87148 
1.00823 0.423465 0.289098 1.93734 
0.895868 0.589212 -0.0336902 1.73084 
0.907004 0.591787 -0.0152949 1.75311 
0.904986 0.56355 -0.0419178 1.73997 
0.759126 0.625408 0.236793 1.50989 
1.04351 0.430222 -0.0610525 1.98548 
0.986069 0.341288 -0.069618 1.85184 
0.9554 0.548492 0.0806415 1.83619 
0.952064 0.550759 0.106098 1.83233 
0.942071 0.56131 0.0893284 1.81413 
0.846591 0.450483 0.372051 1.64122 
0.860536 0.628251 0.0753605 1.68105 
0.883161 0.602865 0.118296 1.71503 
0.839297 0.632334 0.109165 1.64421 
0.87728 0.541537 0.281834 1.70795 
0.859586 0.525112 0.301311 1.67163 
0.827973 0.577467 0.314129 1.63731 
0.998493 0.49174 0.120266 1.91034 
0.988572 0.497068 0.135904 1.89163 
0.98524 0.502213 0.124182 1.88477 
0.98752 0.506541 0.0968014 1.88932 
0.967464 0.487071 0.228349 1.85496 
0.969874 0.535356 0.0250289 1.85943 
0.975085 0.534305 0.0427715 1.87121 
0.960072 0.547925 0.0364929 1.84409 
0.977743 0.510094 -0.0291602 1.86949 
0.982334 0.487273 -0.0358389 1.87117 
0.988664 0.505543 -0.0113746 1.88803 
0.891839 0.574607 0.209466 1.7318 
0.928161 0.547103 0.19709 1.79121 
0.905057 0.554166 0.225754 1.7517 
0.992905 0.50432 0.0451373 1.89734 
0.995859 0.504151 0.0535189 1.90396 
0.99157 0.509653 0.0476443 1.8971 
0.970957 0.536176 0.0473262 1.86287 
0.961133 0.547711 0.0645701 1.84758 
0.95676 0.551438 0.0468831 1.83883 
0.900751 0.511137 0.121602 1.72027 
0.734118 0.540681 0.0138628 1.40163 
0.740185 0.541126 0.00420409 1.41186 
0.759507 0.577039 0.00712546 1.46023 
0.941844 0.568047 0.00648852 1.81439 
0.945438 0.568073 0.0302619 1.8224 
0.925774 0.580808 0.0143021 1.78651 
0.512696 0.600363 0.0880542 1.06335 
0.547992 0.607456 0.108121 1.12399 
0.523177 0.59177 0.0990608 1.07505 
0.893226 0.491786 0.0600599 1.69345 
0.850202 0.557999 0.0876611 1.6367 
0.837963 0.57595 0.0248179 1.61852 
0.925892 0.584517 0.0573411 1.78999 
0.938928 0.567861 0.0431158 1.80791 
0.932422 0.574272 0.0691638 1.79873 
0.991161 0.433198 -0.00980239 1.87721 
0.997801 0.439103 0.00547058 1.89521 
0.712214 0.561404 0.282908 1.40553 
0.679029 0.57998 0.256936 1.35021 
0.756408 0.591025 0.293291 1.50358 
0.993327 0.495583 0.11478 1.89938 
0.992105 0.498527 0.110337 1.89746 
0.971266 0.539188 0.0110307 1.86483 
0.954845 0.554382 -0.000785315 1.83572 
0.964608 0.541891 -0.00344372 1.85097 
0.968343 0.531339 0.0702732 1.85552 
0.972635 0.528662 0.0755778 1.86443 
0.880074 0.599102 0.13867 1.70873 
0.853277 0.609266 0.173878 1.66651 
0.828156 0.626763 0.147884 1.62221 
0.992818 0.505189 0.0192873 1.89696 
0.980419 0.524729 0.0127044 1.87799 
0.986507 0.509306 0.00442408 1.88481 
0.899613 0.39386 0.289076 1.70619 
0.923966 0.556569 0.180171 1.7843 
0.889798 0.591929 0.181682 1.73282 
0.898728 0.582924 0.144274 1.73894 
0.991699 0.507988 0.0518299 1.89672 
0.910203 0.496517 0.340259 1.76658 
0.903803 0.514579 0.327502 1.75714 
0.877195 0.562199 0.261484 1.70687 
0.83878 0.599429 0.21043 1.63768 
0.811606 0.601184 0.24521 1.59475 
0.771761 0.621543 0.215575 1.52413 
0.93818 0.57034 0.0366859 1.80758 
0.920868 0.587598 0.0485963 1.78038 
0.91686 0.591412 0.0264255 1.77342 
0.984308 0.360755 -0.0754356 1.85234 
0.985015 0.339824 -0.0649133 1.85056 
0.978827 0.50903 0.141596 1.87571 
0.96647 0.53055 0.128233 1.85677 
0.980028 0.51285 0.125106 1.87825 
0.962314 0.438358 0.372306 1.86626 
0.919028 0.538924 0.231678 1.77447 
0.933985 0.537498 0.193349 1.79816 
0.941434 0.521743 0.221328 1.81234 
0.995439 0.44797 0.245091 1.90565 
0.998494 0.501892 0.0518232 1.90862 
0.995342 0.501687 0.0429658 1.9016 
0.998243 0.49066 0.0413166 1.90518 
0.965749 0.533267 0.114359 1.85485 
0.974465 0.521673 0.0982539 1.86683 
0.976824 0.521292 0.11516 1.8741 
0.713952 0.527 0.297613 1.39328 
0.733807 0.51328 0.316611 1.43109 
0.70745 0.540573 0.322456 1.40054 
0.966119 0.41219 -0.0946018 1.82427 
0.974909 0.365109 -0.0980391 1.83201 
0.981045 0.431847 -0.0608861 1.85556 
0.908161 0.59368 0.0518597 1.75671 
0.885692 0.614156 0.0469204 1.72215 
0.903882 0.602597 0.0219814 1.75263 
0.948805 0.547165 0.131775 1.82606 
0.933547 0.550764 0.164845 1.79945 
0.917951 0.570417 0.139853 1.77252 
0.949881 0.5595 0.0516896 1.82818 
0.957593 0.549794 0.0726083 1.84127 
0.94382 0.5626 0.0738096 1.81767 
0.661799 0.617882 0.229041 1.33541 
0.618167 0.595423 0.215405 1.24852 
0.592411 0.598496 0.18821 1.20136 
0.974285 0.527213 0.0918761 1.86877 
0.961164 0.540428 0.104743 1.84724 
0.963713 0.542127 0.0848589 1.85203 
0.979518 0.528664 0.0410607 1.87837 
0.977391 0.527895 0.0256773 1.87282 
0.983168 0.52056 0.0313547 1.8824 
0.875569 0.617286 0.0693386 1.70393 
0.903658 0.597254 0.0686158 1.7501 
0.896334 0.599816 0.106366 1.73945 
0.993932 0.477494 0.0276661 1.89237 
0.996215 0.46535 0.0330094 1.89574 
0.995099 0.473023 0.0360242 1.89467 
0.835479 0.551269 -0.0386144 1.60353 
0.983644 0.456164 -0.035084 1.86611 
0.99003 0.423275 -0.035559 1.87241 
0.994035 0.492553 -0.0162421 1.89676 
0.981949 0.354632 -0.0336231 1.84348 
0.982142 0.384143 -0.0348791 1.84885 
0.98018 0.407298 -0.0429238 1.84807 
0.922963 0.580665 -0.0122522 1.78054 
0.780956 0.591766 0.0063261 1.5115 
0.494296 0.575945 0.0781141 1.01962 
0.683757 0.652225 0.110541 1.37172 
0.759122 0.647077 0.12547 1.50151 
0.701125 0.644387 0.156688 1.40312 
0.986241 0.514751 0.0519489 1.88726 
0.793811 0.618594 0.00136973 1.55088 
0.794685 0.613879 0.0913147 1.55817 
0.760071 0.659176 0.0551155 1.51425 
0.967586 0.488046 0.217849 1.85337 
0.979753 0.523014 0.0534114 1.87654 
0.983829 0.515612 0.0581719 1.8824 
0.979089 0.522453 0.0605483 1.8751 
0.958121 0.532422 -0.0307644 1.83253 
0.826025 0.58235 0.272661 1.61917 
0.87097 0.563506 0.286901 1.70611 
0.817783 0.585158 0.294845 1.61357 
0.793635 0.658127 0.0329172 1.5708 
0.672522 0.660533 0.0546273 1.35484 
0.679733 0.650085 0.052859 1.36127 
0.589481 0.646115 0.0723208 1.21159 
0.565979 0.615639 0.116026 1.15669 
0.54843 0.6244 0.087064 1.12935 
0.846896 0.588464 0.250507 1.65776 
0.859124 0.586135 0.210512 1.6708 
0.879679 0.566373 0.236088 1.70787 
0.971953 0.518142 -0.0248917 1.85732 
0.985295 0.511906 -0.0116891 1.88272 
0.971548 0.53085 -0.0159964 1.86095 
0.592268 0.623077 0.152288 1.21067 
0.649491 0.62747 0.205312 1.31598 
0.587228 0.60869 0.168902 1.19744 
0.563687 0.582516 0.168008 1.13972 
0.58075 0.575695 0.192437 1.16769 
0.55472 0.571132 0.177994 1.1209 
0.75034 0.51977 0.30651 1.46182 
0.81988 0.468388 0.30028 1.56824 
0.78581 0.484581 0.344357 1.52739 
0.771635 0.596796 0.0225402 1.49959 
0.688354 0.583708 0.0141554 1.34716 
0.763093 0.60478 0.0263008 1.47597 
0.992927 0.503196 0.037571 1.89645 
0.99413 0.495805 0.0302511 1.89738 
0.995468 0.484485 0.035823 1.89743 
0.836912 0.633468 0.0269542 1.63397 
0.858004 0.62504 0.0464503 1.67139 
0.827104 0.637466 0.0459185 1.61782 
0.941918 0.490025 -0.0801669 1.78882 
0.735506 0.54729 0.014005 1.40802 
0.759414 0.583741 0.0119901 1.46191 
0.746127 0.574714 0.0205558 1.43103 
0.95161 0.559874 0.00514649 1.83155 
0.965223 0.541462 0.0126429 1.85201 
0.951521 0.55765 0.0255474 1.82981 
0.714694 0.516811 0.0399416 1.36595 
0.737391 0.52039 0.0122344 1.41067 
0.768548 0.543272 0.0112488 1.46792 
0.856312 0.575226 0.275104 1.67685 
0.780131 0.650974 0.101114 1.54028 
0.721922 0.656742 0.0797094 1.43797 
0.797481 0.652246 0.0532399 1.57186 
0.995784 0.483568 0.0458207 1.89882 
0.893983 0.502048 0.35411 1.74113 
0.94222 0.457598 0.33614 1.81533 
0.919784 0.46552 0.375019 1.78641 
0.98059 0.522148 0.0193849 1.87713 
0.991815 0.509886 0.0241312 1.89637 
0.985508 0.516797 0.0287154 1.88593 
0.761004 0.577906 0.00432792 1.46369 
0.871879 0.474017 0.292988 1.67234 
0.890652 0.51744 0.262487 1.72143 
0.913497 0.458023 0.244108 1.74425 
0.996363 0.485553 0.0170906 1.8994 
0.990789 0.480845 0.00192664 1.88556 
0.995713 0.450004 0.010152 1.8918 
0.965052 0.465518 0.292853 1.85753 
0.954106 0.487943 0.275737 1.83718 
0.982804 0.467593 0.246688 1.88533 
0.982699 0.520599 0.0469217 1.88176 
0.980779 0.516635 0.0981756 1.8789 
0.990425 0.505566 0.10563 1.89658 
0.984299 0.513912 0.109668 1.88697 
0.998894 0.47059 0.170206 1.90855 
0.798533 0.63939 0.00968759 1.56878 
0.817584 0.642535 0.0141735 1.60531 
0.966399 0.542915 0.0650597 1.85708 
0.973164 0.532227 0.0520542 1.86606 
0.972369 0.528632 0.0636647 1.86294 
0.794926 0.639154 0.147677 1.56595 
0.83339 0.609424 0.189728 1.62904 
0.766521 0.637714 0.184834 1.51982 
0.676536 0.601239 0.248283 1.35596 
0.703172 0.617715 0.247054 1.4093 
0.751335 0.60075 0.281894 1.49557 
0.836694 0.540702 0.346934 1.64251 
0.636118 0.564002 0.239154 1.2623 
0.875602 0.61291 0.0236324 1.6987 
0.890102 0.605568 0.0173642 1.72459 
0.958104 0.43996 -0.0820296 1.80897 
0.978375 0.458515 -0.0553002 1.85485 
0.96262 0.482053 -0.0696876 1.83001 
0.942494 0.504326 0.287018 1.82251 
0.939692 0.481459 0.30604 1.81157 
0.9224 0.516476 0.296438 1.78739 
0.996713 0.483342 0.133779 1.90376 
0.675124 0.632864 0.206438 1.36232 
0.616201 0.631233 0.163111 1.25524 
0.687616 0.636922 0.187837 1.37968 
0.786763 0.618308 0.00527036 1.53998 
0.784888 0.643217 0.0175551 1.54619 
0.767331 0.601431 0.0153953 1.49372 
0.869154 0.622454 0.0412174 1.69239 
0.847226 0.628415 0.0192354 1.65108 
0.866021 0.619178 0.0156492 1.68299 
0.985468 0.406105 -0.0119537 1.86058 
0.796166 0.64032 0.0243244 1.56664 
0.716673 0.612891 0.0368756 1.40564 
0.777793 0.6025 0.0252518 1.51431 
0.839718 0.630787 0.0525544 1.63782 
0.80566 0.641546 0.0821878 1.58027 
0.811229 0.642654 0.0552042 1.58978 
0.958661 0.55076 -0.0147045 1.84218 
0.955071 0.360006 -0.136853 1.79195 
0.987096 0.510687 0.0398101 1.88681 
0.989927 0.513155 0.0445836 1.89482 
0.948582 0.528292 0.186368 1.82442 
0.975528 0.492622 0.192678 1.86852 
0.961978 0.510869 0.20823 1.85004 
0.988428 0.48417 0.172565 1.89068 
0.983966 0.487678 0.150607 1.87831 
0.995435 0.485743 0.157023 1.90539 
0.443187 0.566397 0.0600093 0.93055 
0.855572 0.521997 0.350813 1.66949 
0.881289 0.487383 0.381226 1.71772 
0.848259 0.520654 0.390534 1.66786 
1.00337 0.479457 0.146803 1.91954 
0.821984 0.524661 0.298552 1.59685 
0.752484 0.5517 0.304634 1.4786 
0.783348 0.582214 0.303164 1.55038 
0.60892 0.641981 0.143062 1.24899 
0.630504 0.648314 0.111029 1.28155 
0.672202 0.642102 0.163103 1.35234 
0.935925 0.511011 0.243713 1.79966 
0.720392 0.659297 0.0483919 1.43363 
0.803637 0.654012 0.0363432 1.58541 
0.801876 0.6511 0.0406199 1.57958 
0.888091 0.483912 0.203144 1.68429 
0.994902 0.455943 0.0193906 1.89107 
0.998919 0.465012 0.0285661 1.902 
0.640858 0.554148 0.0513034 1.23097 
0.606906 0.546304 0.0410448 1.17436 
0.907426 0.536372 0.257686 1.75454 
0.744974 0.611911 0.265868 1.48424 
0.803323 0.595752 0.274518 1.58402 
0.781063 0.596326 0.284261 1.54707 
0.905198 0.588678 0.101682 1.75119 
0.913009 0.588063 0.0767003 1.76513 
0.926602 0.582535 0.0874185 1.79233 
0.949078 0.553658 0.119209 1.82867 
0.924175 0.578021 0.116834 1.78795 
0.936429 0.570955 0.0982065 1.80816 
0.561984 0.608622 0.130681 1.14941 
0.552843 0.591465 0.145281 1.12659 
0.530408 0.582585 0.125856 1.08252 
0.86555 0.621603 0.00715462 1.68399 
0.996562 0.473993 0.0392143 1.89853 
0.768492 0.601393 0.0287332 1.48674 
0.583807 0.591089 0.042979 1.16771 
0.549177 0.599138 0.0557231 1.10093 
0.531544 0.591524 0.110197 1.08786 
0.520386 0.582041 0.109695 1.06509 
0.807147 0.651746 0.0276794 1.58947 
0.823846 0.642961 0.0182001 1.6151 
0.812715 0.643264 0.0327749 1.59407 
0.835826 0.503421 0.414959 1.6467 
0.994313 0.508635 0.0302392 1.90162 
0.992916 0.508891 0.0382106 1.89892 
0.987667 0.512822 0.0341947 1.88912 
0.985853 0.518602 -0.00686413 1.88733 
0.976973 0.53102 0.00714349 1.87357 
0.974219 0.532231 -0.00776864 1.86786 
0.982188 0.519053 0.0658006 1.88088 
0.969905 0.495213 -0.0585127 1.84888 
0.972424 0.507285 -0.0457906 1.85842 
0.7782 0.632917 -0.013414 1.53273 
0.540004 0.574217 0.150581 1.09501 
0.657442 0.558578 0.279842 1.3112 
0.557924 0.567263 0.188975 1.12716 
0.720592 0.642436 0.113733 1.43964 
0.516379 0.56605 0.12774 1.04868 
0.704226 0.539281 0.344629 1.40357 
0.955774 0.533943 0.162772 1.83965 
0.957752 0.536263 0.132962 1.8405 
0.97378 0.510757 0.152147 1.86656 
0.965437 0.51891 0.182274 1.85695 
0.981416 0.496414 0.160153 1.87819 
0.97969 0.489001 0.182429 1.87413 
0.791517 0.606339 0.253156 1.5622 
0.736147 0.63062 0.23925 1.47406 
0.737097 0.629643 0.2087 1.46477 
